600.000000	45.209000   
599.000000	45.193000   
598.000000	45.169000   
597.000000	45.148000   
596.000000	45.130000   
595.000000	45.103000   
594.000000	45.067000   
593.000000	45.023000   
592.000000	44.975000   
591.000000	44.918000   
590.000000	44.847000   
589.000000	44.768000   
588.000000	44.680000   
587.000000	44.572000   
586.000000	44.446000   
585.000000	44.307000   
584.000000	44.159000   
583.000000	44.002000   
582.000000	43.836000   
581.000000	43.672000   
580.000000	43.512000   
579.000000	43.350000   
578.000000	43.192000   
577.000000	43.043000   
576.000000	42.899000   
575.000000	42.760000   
574.000000	42.619000   
573.000000	42.489000   
572.000000	42.369000   
571.000000	42.244000   
570.000000	42.121000   
569.000000	42.001000   
568.000000	41.889000   
567.000000	41.778000   
566.000000	41.661000   
565.000000	41.556000   
564.000000	41.453000   
563.000000	41.339000   
562.000000	41.221000   
561.000000	41.136000   
560.000000	41.105000   
559.000000	41.086000   
558.000000	41.034000   
557.000000	40.937000   
556.000000	40.833000   
555.000000	40.732000   
554.000000	40.633000   
553.000000	40.537000   
552.000000	40.442000   
551.000000	40.349000   
550.000000	40.254000   
549.000000	40.160000   
548.000000	40.065000   
547.000000	39.974000   
546.000000	39.891000   
545.000000	39.813000   
544.000000	39.738000   
543.000000	39.660000   
542.000000	39.580000   
541.000000	39.501000   
540.000000	39.421000   
539.000000	39.335000   
538.000000	39.246000   
537.000000	39.153000   
536.000000	39.058000   
535.000000	38.959000   
534.000000	38.861000   
533.000000	38.768000   
532.000000	38.675000   
531.000000	38.582000   
530.000000	38.492000   
529.000000	38.401999   
528.000000	38.309000   
527.000000	38.206000   
526.000000	38.105000   
525.000000	38.007000   
524.000000	37.910000   
523.000000	37.816000   
522.000000	37.724000   
521.000000	37.633000   
520.000000	37.536000   
519.000000	37.436000   
518.000000	37.341000   
517.000000	37.250000   
516.000000	37.157000   
515.000000	37.064000   
514.000000	36.969000   
513.000000	36.873000   
512.000000	36.777000   
511.000000	36.686000   
510.000000	36.601000   
509.000000	36.511000   
508.000000	36.415000   
507.000000	36.318000   
506.000000	36.228000   
505.000000	36.142000   
504.000000	36.053000   
503.000000	35.962000   
502.000000	35.870000   
501.000000	35.779000   
500.000000	35.688000   
499.000000	35.597000   
498.000000	35.507000   
497.000000	35.417000   
496.000000	35.329000   
495.000000	35.237000   
494.000000	35.147000   
493.000000	35.058000   
492.000000	34.971000   
491.000000	34.885000   
490.000000	34.796000   
489.000000	34.698000   
488.000000	34.601000   
487.000000	34.515000   
486.000000	34.429000   
485.000000	34.335000   
484.000000	34.226000   
483.000000	34.122000   
482.000000	34.025000   
481.000000	33.926000   
480.000000	33.816000   
479.000000	33.705000   
478.000000	33.595000   
477.000000	33.480000   
476.000000	33.361000   
475.000000	33.244000   
474.000000	33.126000   
473.000000	32.997000   
472.000000	32.857000   
471.000000	32.722000   
470.000000	32.590000   
469.000000	32.450000   
468.000000	32.299000   
467.000000	32.150000   
466.000000	32.003000   
465.000000	31.852000   
464.000000	31.700000   
463.000000	31.553000   
462.000000	31.407000   
461.000000	31.254000   
460.000000	31.100000   
459.000000	30.955000   
458.000000	30.812000   
457.000000	30.666000   
456.000000	30.523000   
455.000000	30.392000   
454.000000	30.262000   
453.000000	30.118000   
452.000000	29.971000   
451.000000	29.828000   
450.000000	29.684000   
449.000000	29.529000   
448.000000	29.368000   
447.000000	29.211000   
446.000000	29.051000   
445.000000	28.883000   
444.000000	28.710000   
443.000000	28.540000   
442.000000	28.369000   
441.000000	28.195000   
440.000000	28.025000   
439.000000	27.860000   
438.000000	27.698000   
437.000000	27.535000   
436.000000	27.375000   
435.000000	27.223000   
434.000000	27.072000   
433.000000	26.919000   
432.000000	26.771000   
431.000000	26.631000   
430.000000	26.489000   
429.000000	26.346000   
428.000000	26.205000   
427.000000	26.074000   
426.000000	25.943000   
425.000000	25.810000   
424.000000	25.680000   
423.000000	25.546000   
422.000000	25.431000   
421.000000	25.341000   
420.000000	25.260000   
419.000000	25.163000   
418.000000	25.033000   
417.000000	24.902000   
416.000000	24.778000   
415.000000	24.655000   
414.000000	24.527000   
413.000000	24.398000   
412.000000	24.277000   
411.000000	24.158000   
410.000000	24.037000   
409.000000	23.913000   
408.000000	23.795000   
407.000000	23.679000   
406.000000	23.562000   
405.000000	23.447000   
404.000000	23.333000   
403.000000	23.223000   
402.000000	23.108000   
401.000000	22.992000   
400.000000	22.880000   
399.000000	22.771000   
398.000000	22.659000   
397.000000	22.547000   
396.000000	22.441000   
395.000000	22.337000   
394.000000	22.233000   
393.000000	22.130000   
392.000000	22.032000   
391.000000	21.936000   
390.000000	21.829000   
389.000000	21.718000   
388.000000	21.609000   
387.000000	21.498000   
386.000000	21.354000   
385.000000	21.254000   
384.000000	21.408000   
383.000000	21.769000   
382.000000	22.062000   
381.000000	22.075000   
380.000000	21.930000   
379.000000	21.815000   
378.000000	21.736000   
377.000000	21.647000   
376.000000	21.532000   
375.000000	21.421000   
374.000000	21.328000   
373.000000	21.266000   
372.000000	21.199000   
371.000000	21.139000   
370.000000	21.070000   
369.000000	20.994000   
368.000000	20.918000   
367.000000	20.852000   
366.000000	20.785000   
365.000000	20.703000   
364.000000	20.612000   
363.000000	20.532000   
362.000000	20.498000   
361.000000	20.462000   
360.000000	20.416000   
359.000000	20.368000   
358.000000	20.313000   
357.000000	20.250000   
356.000000	20.191000   
355.000000	20.133000   
354.000000	20.075000   
353.000000	20.019000   
352.000000	19.950000   
351.000000	19.876000   
350.000000	19.788000   
349.000000	19.678000   
348.000000	19.554000   
347.000000	19.435000   
346.000000	19.332000   
345.000000	19.245000   
344.000000	19.149000   
343.000000	19.020000   
342.000000	18.877000   
341.000000	18.742000   
340.000000	18.621000   
339.000000	18.512000   
338.000000	18.396000   
337.000000	18.274000   
336.000000	18.154000   
335.000000	18.021000   
334.000000	17.884000   
333.000000	17.742000   
332.000000	17.560000   
331.000000	17.423000   
330.000000	17.296000   
329.000000	17.056000   
328.000000	17.077000   
327.000000	17.391000   
326.000000	17.760000   
325.000000	17.935000   
324.000000	17.616000   
323.000000	17.380000   
322.000000	17.126000   
321.000000	16.858000   
320.000000	16.598000   
319.000000	16.299000   
318.000000	15.997000   
317.000000	15.674000   
316.000000	15.336000   
315.000000	14.999000   
314.000000	14.658000   
313.000000	14.307000   
312.000000	13.914000   
311.000000	13.502000   
310.000000	13.066000   
309.000000	12.615000   
308.000000	12.174000   
307.000000	11.753000   
306.000000	11.331000   
305.000000	10.851000   
304.000000	10.338000   
303.000000	9.807000    
302.000000	9.298000    
301.000000	8.744000    
300.000000	8.173999    
299.000000	7.467000    
298.000000	6.827000    
297.000000	6.665999    
296.000000	6.354000    
295.000000	5.948000    
294.000000	4.999000    
293.000000	3.581000    
292.000000	3.354000    
291.000000	3.615000    
290.000000	5.438000    
289.000000	6.579000    
288.000000	9.257000    
287.000000	8.285000    
286.000000	2.713000    
285.000000	3.765000    
284.000000	4.565000    
283.000000	16.267000   
282.000000	17.414000   
281.000000	3.699000    
280.000000	-1.991000   
279.000000	-12.157000  
278.000000	-7.445000   
277.000000	-5.992999   
276.000000	-6.688000   
275.000000	-4.202999   
274.000000	-25.821000  
273.000000	-35.129000  
272.000000	-31.334000  
271.000000	-2.063000   
270.000000	30.845000   
269.000000	48.769000   
268.000000	48.416000   
267.000000	28.727000   
266.000000	-3.575000   
265.000000	-13.295000  
264.000000	-11.214000  
263.000000	4.882000    
262.000000	12.081000   
261.000000	-38.387000  
260.000000	-82.552000  
259.000000	-87.609000  
258.000000	-30.222000  
257.000000	18.904000   
256.000000	13.101000   
255.000000	30.137000   
254.000000	39.536000   
253.000000	40.057000   
252.000000	57.353000   
251.000000	-91.190000  
250.000000	-169.167000 
249.000000	-179.482000 
248.000000	-117.850000 
247.000000	-12.390000  
246.000000	65.137000   
245.000000	104.156000  
244.000000	77.790000   
243.000000	80.857000   
242.000000	101.847000  
241.000000	80.062999   
240.000000	58.862000   
239.000000	-205.288000 
238.000000	-271.464000 
237.000000	-220.392000 
236.000000	-118.176000 
235.000000	47.974000   
234.000000	22.979000   
233.000000	65.262000   
232.000000	102.710000  
231.000000	108.253000  
230.000000	76.009000   
229.000000	42.939000   
228.000000	26.974000   
227.000000	-58.526000  
226.000000	-73.548999  
225.000000	-54.267000  
224.000000	148.966000  
223.000000	-314.811000 
222.000000	-901.626000 
221.000000	-740.261000 
220.000000	-322.942000 
219.000000	104.528000  
218.000000	39.194000   
217.000000	7.295999    
216.000000	240.365000  
215.000000	122.539000  
214.000000	27.627000   
213.000000	71.390000   
212.000000	69.459999   
211.000000	14.458000   
210.000000	-30.332000  
209.000000	-18.454000  
208.000000	-25.551000  
207.000000	-19.082000  
206.000000	-7.270000   
205.000000	6.320000    
204.000000	21.323000   
203.000000	16.499000   
202.000000	21.155000   
201.000000	12.809000   
200.000000	7.781000    