-6.28319 -3.89817e-017
-6.10865 -0.0284266
-5.93412 -0.0576362
-5.75959 -0.0868118
-5.58505 -0.115091
-5.41052 -0.141584
-5.23599 -0.165399
-5.06145 -0.185657
-4.88692 -0.201519
-4.71239 -0.212207
-4.53786 -0.21702
-4.36332 -0.215362
-4.18879 -0.206748
-4.01426 -0.190831
-3.83972 -0.167405
-3.66519 -0.136419
-3.49066 -0.0979816
-3.31613 -0.0523648
-3.14159 -1.09188e-015
-2.96706 0.0585253
-2.79253 0.122477
-2.61799 0.190986
-2.44346 0.263064
-2.26893 0.337624
-2.0944 0.413497
-1.91986 0.489458
-1.74533 0.564253
-1.5708 0.63662
-1.39626 0.705317
-1.22173 0.769149
-1.0472 0.826993
-0.872665 0.877822
-0.698132 0.920725
-0.523599 0.95493
-0.349066 0.979816
-0.174533 0.994931
-4.4964e-015 1
0.174533 0.994931
0.349066 0.979816
0.523599 0.95493
0.698132 0.920725
0.872665 0.877822
1.0472 0.826993
1.22173 0.769149
1.39626 0.705317
1.5708 0.63662
1.74533 0.564253
1.91986 0.489458
2.0944 0.413497
2.26893 0.337624
2.44346 0.263064
2.61799 0.190986
2.79253 0.122477
2.96706 0.0585253
3.14159 1.87664e-015
3.31613 -0.0523648
3.49066 -0.0979816
3.66519 -0.136419
3.83972 -0.167405
4.01426 -0.190831
4.18879 -0.206748
4.36332 -0.215362
4.53786 -0.21702
4.71239 -0.212207
4.88692 -0.201519
5.06145 -0.185657
5.23599 -0.165399
5.41052 -0.141584
5.58505 -0.115091
5.75959 -0.0868118
5.93412 -0.0576362
6.10865 -0.0284266
6.28319 -1.45256e-015
