 z/r        [-10.          -9.59183673  -9.18367347  -8.7755102   -8.36734694
  -7.95918367  -7.55102041  -7.14285714  -6.73469388  -6.32653061
  -5.91836735  -5.51020408  -5.10204082  -4.69387755  -4.28571429
  -3.87755102  -3.46938776  -3.06122449  -2.65306122  -2.24489796
  -1.83673469  -1.42857143  -1.02040816  -0.6122449   -0.20408163
   0.20408163   0.6122449    1.02040816   1.42857143   1.83673469
   2.24489796   2.65306122   3.06122449   3.46938776   3.87755102
   4.28571429   4.69387755   5.10204082   5.51020408   5.91836735
   6.32653061   6.73469388   7.14285714   7.55102041   7.95918367
   8.36734694   8.7755102    9.18367347   9.59183673  10.        ]
 0.00000000   [-9.90648657 -9.90648662 -9.90648677 -9.90648702 -9.90648737 -9.90648781
 -9.90648835 -9.90648899 -9.90648972 -9.90649055 -9.90649146 -9.90649247
 -9.90649357 -9.90649475 -9.90649602 -9.90649737 -9.9064988  -9.9065003
 -9.90650189 -9.90650354 -9.90650526 -9.90650705 -9.9065089  -9.90651081
 -9.90651277 -9.90651479 -9.90651686 -9.90651897 -9.90652112 -9.90652331
 -9.90652554 -9.90652779 -9.90653007 -9.90653237 -9.90653469 -9.90653703
 -9.90653937 -9.90654173 -9.90654408 -9.90654642 -9.90654874 -9.90655098
 -9.9065529  -9.90655365 -9.90655014 -9.90653141 -9.90645972 -9.90620852
 -9.90536418 -9.90260791] 
 0.04020408   [-9.91981536 -9.91981544 -9.91981569 -9.9198161  -9.91981666 -9.9198174
 -9.91981829 -9.91981933 -9.91982054 -9.9198219  -9.91982341 -9.91982506
 -9.91982687 -9.91982882 -9.9198309  -9.91983312 -9.91983548 -9.91983796
 -9.91984056 -9.91984328 -9.91984611 -9.91984906 -9.9198521  -9.91985524
 -9.91985848 -9.9198618  -9.9198652  -9.91986867 -9.91987222 -9.91987582
 -9.91987948 -9.9198832  -9.91988695 -9.91989074 -9.91989456 -9.9198984
 -9.91990226 -9.91990613 -9.91991    -9.91991388 -9.91991776 -9.91992171
 -9.91992594 -9.91993129 -9.91994087 -9.9199657  -9.92004371 -9.92030221
 -9.92115723 -9.92393526] 
 0.08040816   [-9.93310977 -9.93310991 -9.93311031 -9.93311098 -9.93311192 -9.93311312
 -9.93311459 -9.93311631 -9.93311829 -9.93312053 -9.93312301 -9.93312574
 -9.93312871 -9.93313192 -9.93313535 -9.93313901 -9.93314288 -9.93314696
 -9.93315125 -9.93315572 -9.93316039 -9.93316523 -9.93317024 -9.93317541
 -9.93318074 -9.9331862  -9.9331918  -9.93319752 -9.93320335 -9.93320929
 -9.93321531 -9.93322142 -9.9332276  -9.93323383 -9.93324012 -9.93324645
 -9.9332528  -9.93325917 -9.93326554 -9.9332719  -9.93327823 -9.93328445
 -9.93329033 -9.933295   -9.93329533 -9.93328022 -9.93321149 -9.93296112
 -9.93211072 -9.92932632] 
 0.12061224   [-9.94634762 -9.94634784 -9.9463485  -9.9463496  -9.94635115 -9.94635313
 -9.94635554 -9.94635838 -9.94636164 -9.94636532 -9.94636941 -9.9463739
 -9.94637879 -9.94638406 -9.94638971 -9.94639573 -9.9464021  -9.94640882
 -9.94641587 -9.94642324 -9.94643092 -9.94643889 -9.94644714 -9.94645565
 -9.94646441 -9.9464734  -9.94648262 -9.94649203 -9.94650163 -9.9465114
 -9.94652131 -9.94653137 -9.94654153 -9.9465518  -9.94656215 -9.94657256
 -9.94658301 -9.94659349 -9.94660398 -9.94661447 -9.94662495 -9.94663547
 -9.94664623 -9.94665808 -9.94667415 -9.94670555 -9.94679066 -9.94705815
 -9.94792865 -9.9507433 ] 
 0.16081633   [-9.95949235 -9.95949271 -9.9594938  -9.95949562 -9.95949816 -9.95950142
 -9.95950538 -9.95951006 -9.95951543 -9.95952148 -9.95952821 -9.95953561
 -9.95954365 -9.95955233 -9.95956163 -9.95957154 -9.95958203 -9.95959308
 -9.95960469 -9.95961682 -9.95962945 -9.95964257 -9.95965614 -9.95967015
 -9.95968457 -9.95969938 -9.95971454 -9.95973003 -9.95974583 -9.95976191
 -9.95977823 -9.95979477 -9.95981151 -9.9598284  -9.95984543 -9.95986256
 -9.95987977 -9.95989702 -9.95991428 -9.95993153 -9.95994871 -9.95996575
 -9.95998237 -9.95999769 -9.96000852 -9.96000363 -9.95994442 -9.9597015
 -9.95885202 -9.95604787] 
 0.20102041   [-9.97248384 -9.97248444 -9.97248623 -9.97248922 -9.9724934  -9.97249876
 -9.97250529 -9.97251298 -9.97252182 -9.97253179 -9.97254287 -9.97255504
 -9.97256828 -9.97258256 -9.97259787 -9.97261417 -9.97263143 -9.97264963
 -9.97266873 -9.97268869 -9.97270949 -9.97273107 -9.97275342 -9.97277647
 -9.97280021 -9.97282457 -9.97284953 -9.97287503 -9.97290103 -9.97292749
 -9.97295435 -9.97298158 -9.97300912 -9.97303693 -9.97306496 -9.97309315
 -9.97312147 -9.97314987 -9.97317828 -9.97320668 -9.97323503 -9.97326334
 -9.97329179 -9.97332121 -9.97335473 -9.97340355 -9.97350639 -9.97379324
 -9.97468894 -9.97754823] 
 0.24122449   [-9.98522311 -9.9852241  -9.98522706 -9.98523198 -9.98523885 -9.98524768
 -9.98525843 -9.98527108 -9.98528563 -9.98530203 -9.98532027 -9.9853403
 -9.98536209 -9.9853856  -9.98541079 -9.98543762 -9.98546603 -9.98549598
 -9.98552741 -9.98556027 -9.98559449 -9.98563002 -9.9856668  -9.98570475
 -9.98574381 -9.98578391 -9.98582498 -9.98586695 -9.98590975 -9.98595329
 -9.9859975  -9.98604232 -9.98608765 -9.98613341 -9.98617954 -9.98622595
 -9.98627256 -9.98631929 -9.98636606 -9.98641278 -9.98645937 -9.98650569
 -9.98655142 -9.98659561 -9.986635   -9.98665821 -9.98662621 -9.98640829
 -9.98557748 -9.98277248] 
 0.28142857   [ -9.99754729  -9.99754891  -9.99755378  -9.99756188  -9.9975732
  -9.99758772  -9.99760541  -9.99762624  -9.99765018  -9.99767718
  -9.99770719  -9.99774015  -9.99777602  -9.99781472  -9.99785618
  -9.99790033  -9.9979471   -9.99799639  -9.99804812  -9.99810219
  -9.99815852  -9.99821699  -9.99827752  -9.99833998  -9.99840426
  -9.99847026  -9.99853786  -9.99860694  -9.99867737  -9.99874903
  -9.99882181  -9.99889556  -9.99897016  -9.99904549  -9.99912141
  -9.99919779  -9.9992745   -9.99935141  -9.99942839  -9.99950531
  -9.99958206  -9.99965856  -9.99973493  -9.99981191  -9.99989259
  -9.9999882  -10.00013774 -10.00047233 -10.00142072 -10.00435021] 
 0.32163265   [-10.0091883  -10.00919097 -10.00919898 -10.00921231 -10.00923094
 -10.00925483 -10.00928395 -10.00931824 -10.00935763 -10.00940206
 -10.00945145 -10.00950571 -10.00956473 -10.00962842 -10.00969666
 -10.00976933 -10.00984629 -10.00992742 -10.01001255 -10.01010155
 -10.01019425 -10.01029049 -10.0103901  -10.0104929  -10.0105987
 -10.01070733 -10.01081858 -10.01093227 -10.01104819 -10.01116614
 -10.01128591 -10.01140729 -10.01153008 -10.01165406 -10.01177901
 -10.01190472 -10.01203098 -10.01215756 -10.01228425 -10.01241084
 -10.01253708 -10.01266272 -10.0127873  -10.01290973 -10.0130266
 -10.01312629 -10.01316929 -10.01302363 -10.01225835 -10.00949991] 
 0.36183673   [-10.01970496 -10.01970935 -10.01972253 -10.01974447 -10.01977513
 -10.01981446 -10.01986238 -10.0199188  -10.01998363 -10.02005676
 -10.02013804 -10.02022733 -10.02032447 -10.02042929 -10.02054159
 -10.02066118 -10.02078785 -10.02092136 -10.02106147 -10.02120794
 -10.02136051 -10.0215189  -10.02168283 -10.02185202 -10.02202615
 -10.02220492 -10.02238803 -10.02257513 -10.02276592 -10.02296004
 -10.02315716 -10.02335694 -10.02355903 -10.02376308 -10.02396873
 -10.02417563 -10.02438343 -10.02459176 -10.02480028 -10.02500864
 -10.02521649 -10.02542355 -10.02562971 -10.02583551 -10.02604384
 -10.02626583 -10.02654062 -10.02700024 -10.02807692 -10.03114953] 
 0.40204082   [-10.02837127 -10.0283785  -10.02840019 -10.02843629 -10.02848675
 -10.02855146 -10.02863032 -10.02872317 -10.02882986 -10.02895019
 -10.02908395 -10.02923089 -10.02939075 -10.02956325 -10.02974806
 -10.02994487 -10.03015332 -10.03037303 -10.03060362 -10.03084467
 -10.03109575 -10.03135642 -10.03162621 -10.03190464 -10.03219122
 -10.03248544 -10.03278678 -10.03309472 -10.0334087  -10.03372819
 -10.03405262 -10.03438142 -10.03471402 -10.03504985 -10.03538832
 -10.03572884 -10.03607085 -10.03641374 -10.03675694 -10.03709985
 -10.03744188 -10.0377824  -10.03812059 -10.03845501 -10.03878186
 -10.03908907 -10.03933649 -10.0393907  -10.03881686 -10.03622974] 
 0.44224490   [-10.03399266 -10.03400456 -10.03404025 -10.03409965 -10.03418267
 -10.03428915 -10.0344189  -10.03457169 -10.03474724 -10.03494524
 -10.03516533 -10.03540711 -10.03567016 -10.03595399 -10.03625811
 -10.03658196 -10.03692496 -10.03728651 -10.03766596 -10.03806262
 -10.0384758  -10.03890475 -10.03934872 -10.03980692 -10.04027853
 -10.04076273 -10.04125865 -10.04176543 -10.04228216 -10.04280796
 -10.04334189 -10.04388303 -10.04443042 -10.04498313 -10.0455402
 -10.04610066 -10.04666356 -10.04722792 -10.04779278 -10.0483572
 -10.04892023 -10.04948098 -10.05003875 -10.05059351 -10.05114759
 -10.05171166 -10.05232459 -10.05311894 -10.05452989 -10.0579468 ] 
 0.48244898   [-10.03460409 -10.03462367 -10.03468237 -10.03478009 -10.03491665
 -10.03509182 -10.03530526 -10.0355566  -10.03584539 -10.03617111
 -10.03653318 -10.03693094 -10.03736368 -10.03783063 -10.03833095
 -10.03886375 -10.03942808 -10.04002292 -10.04064722 -10.04129986
 -10.04197968 -10.04268548 -10.043416   -10.04416994 -10.04494598
 -10.04574274 -10.04655881 -10.04739276 -10.04824312 -10.0491084
 -10.04998709 -10.05087766 -10.05177855 -10.0526882  -10.05360504
 -10.05452748 -10.05545394 -10.05638283 -10.05731256 -10.05824156
 -10.05916822 -10.06009094 -10.06100792 -10.06191674 -10.06281261
 -10.06368246 -10.06448489 -10.06508452 -10.06504226 -10.06296113] 
 0.52265306   [-10.02697458 -10.02700677 -10.02710329 -10.02726397 -10.02748851
 -10.02777652 -10.02812748 -10.02854076 -10.02901563 -10.02955123
 -10.0301466  -10.03080069 -10.03151233 -10.03228024 -10.03310305
 -10.03397931 -10.03490744 -10.03588579 -10.03691263 -10.03798613
 -10.03910438 -10.0402654  -10.04146713 -10.04270746 -10.04398417
 -10.04529503 -10.04663772 -10.04800987 -10.0494091  -10.05083293
 -10.05227888 -10.05374442 -10.05522702 -10.05672408 -10.05823303
 -10.05975125 -10.06127613 -10.06280507 -10.06433544 -10.06586464
 -10.06739011 -10.06890932 -10.07041997 -10.07192044 -10.07341151
 -10.07490238 -10.07643073 -10.07812866 -10.08043325 -10.08474324] 
 0.56285714   [-10.00579647 -10.00584935 -10.00600791 -10.00627186 -10.00664074
 -10.00711388 -10.00769045 -10.00836943 -10.00914961 -10.01002961
 -10.01100786 -10.01208263 -10.01325201 -10.01451393 -10.01586616
 -10.01730629 -10.01883178 -10.02043992 -10.02212787 -10.02389265
 -10.02573113 -10.02764006 -10.02961609 -10.03165572 -10.03375536
 -10.03591131 -10.03811979 -10.04037692 -10.04267874 -10.04502123
 -10.04740028 -10.04981175 -10.05225145 -10.05471514 -10.05719855
 -10.05969738 -10.06220734 -10.06472411 -10.06724339 -10.06976086
 -10.07227225 -10.07477324 -10.07725938 -10.07972561 -10.0821645
 -10.08456033 -10.08686887 -10.08895122 -10.09036243 -10.08969228] 
 0.60306122   [ -9.96236556  -9.96245229  -9.96271231  -9.96314518  -9.96375013
  -9.96452611  -9.96547177  -9.96658544  -9.96786519  -9.96930877
  -9.97091366  -9.97267704  -9.97459585  -9.9766667   -9.97888598
  -9.98124981  -9.98375403  -9.98639428  -9.98916591  -9.99206407
  -9.99508368  -9.99821946 -10.00146591 -10.00481734 -10.00826789
 -10.0118115  -10.01544199 -10.01915299 -10.02293803 -10.0267905
 -10.03070367 -10.03467073 -10.03868477 -10.04273882 -10.04682584
 -10.05093877 -10.05507051 -10.05921393 -10.06336191 -10.06750737
 -10.07164323 -10.07576254 -10.07985857 -10.08392531 -10.08795927
 -10.09196548 -10.09597774 -10.10012516 -10.10484437 -10.11154154] 
 0.64326531   [ -9.88245415  -9.88259591  -9.88302094  -9.88372851  -9.88471744
  -9.88598604  -9.88753216  -9.88935318  -9.89144599  -9.89380704
  -9.89643232  -9.89931734  -9.90245719  -9.9058465   -9.90947948
  -9.91334992  -9.91745117  -9.9217762   -9.92631759  -9.9310675
  -9.93601776  -9.94115984  -9.94648484  -9.95198356  -9.95764647
  -9.96346377  -9.96942537  -9.9755209   -9.98173978  -9.9880712
  -9.99450414 -10.00102743 -10.00762971 -10.0142995  -10.02102521
 -10.02779516 -10.03459761 -10.04142078 -10.04825287 -10.05508208
 -10.06189666 -10.06868485 -10.07543479 -10.08213409 -10.08876806
 -10.09531371 -10.10171942 -10.10783819 -10.11321444 -10.11641902] 
 0.68346939   [ -9.74295096  -9.74318122  -9.74387165  -9.74502114  -9.74662786
  -9.74868924  -9.75120197  -9.75416203  -9.75756466  -9.76140439
  -9.76567502  -9.77036966  -9.77548068  -9.78099978  -9.78691795
  -9.79322552  -9.79991211  -9.80696673  -9.81437768  -9.82213268
  -9.83021879  -9.8386225   -9.84732967  -9.85632564  -9.86559517
  -9.87512251  -9.88489143  -9.8948852   -9.90508666  -9.91547824
  -9.92604198  -9.93675958  -9.94761242  -9.95858161  -9.96964802
  -9.98079231  -9.99199501 -10.00323651 -10.01449713 -10.02575717
 -10.03699698 -10.04819698 -10.05933791 -10.07040134 -10.08137144
 -10.09224119 -10.10303279 -10.1138649  -10.12516711 -10.13834848] 
 0.72367347   [ -9.50676167  -9.50713131  -9.50823968  -9.51008523  -9.51266535
  -9.51597639  -9.52001363  -9.52477133  -9.53024267  -9.5364198
  -9.54329379  -9.55085464  -9.55909132  -9.56799169  -9.57754256
  -9.58772968  -9.59853771  -9.60995025  -9.62194984  -9.63451794
  -9.64763497  -9.66128033  -9.67543236  -9.69006841  -9.70516481
  -9.72069695  -9.73663926  -9.75296526  -9.76964761  -9.78665812
  -9.8039678   -9.82154694  -9.83936511  -9.85739128  -9.87559384
  -9.89394066  -9.91239922  -9.9309366   -9.94951963  -9.96811495
  -9.98668907 -10.00520844 -10.02363939 -10.04194776 -10.06009718
 -10.07804309 -10.09571216 -10.11293488 -10.12922964 -10.14312974] 
 0.76387755   [ -9.11570851  -9.11628866  -9.1180285   -9.12092616  -9.12497851
  -9.13018118  -9.1365285   -9.1440135   -9.15262791  -9.16236207
  -9.17320497  -9.18514416  -9.19816576  -9.21225438  -9.22739309
  -9.2435634   -9.26074519  -9.27891668  -9.29805439  -9.31813309
  -9.33912579  -9.36100366  -9.38373604  -9.40729041  -9.43163234
  -9.45672554  -9.48253181  -9.50901103  -9.53612127  -9.56381869
  -9.5920577   -9.62079094  -9.64996936  -9.67954233  -9.70945768
  -9.73966187  -9.77010008  -9.80071634  -9.8314537   -9.86225439
  -9.89306001  -9.92381174  -9.95445068  -9.98491858 -10.01515979
 -10.04512771 -10.07480581 -10.10427609 -10.13393739 -10.16518528] 
 0.80408163   [ -8.48256279  -8.4834355   -8.48605321  -8.4904147   -8.49651786
  -8.50435973  -8.5139364   -8.52524299  -8.53827353  -8.55302094
  -8.56947684  -8.58763155  -8.60747384  -8.62899093  -8.65216821
  -8.67698918  -8.70343526  -8.73148557  -8.7611168   -8.792303
  -8.82501539  -8.85922217  -8.8948883   -8.93197535  -8.97044128
  -9.01024027  -9.05132259  -9.09363437  -9.13711757  -9.18170979
  -9.22734424  -9.27394968  -9.32145043  -9.36976635  -9.41881297
  -9.46850159  -9.51873942  -9.56942987  -9.62047276  -9.67176467
  -9.72319931  -9.77466792  -9.82605959  -9.87726127  -9.92815654
  -9.97861987 -10.02849611 -10.07753178 -10.12515423 -10.16978192] 
 0.84428571   [ -7.48780123  -7.48901338  -7.49265045  -7.49871435  -7.50720819
  -7.51813624  -7.53150388  -7.54731749  -7.56558427  -7.58631219
  -7.6095097   -7.6351856   -7.66334878  -7.69400792  -7.72717122
  -7.76284602  -7.80103844  -7.84175295  -7.8849919   -7.930755
  -7.97903878  -8.02983597  -8.08313489  -8.13891873  -8.19716482
  -8.25784394  -8.32091944  -8.38634651  -8.45407137  -8.5240304
  -8.59614945  -8.67034302  -8.74651363  -8.82455118  -8.9043325
  -8.98572096  -9.06856626  -9.15270443  -9.23795802  -9.32413651
  -9.41103697  -9.498445    -9.58613607  -9.67387745  -9.76143175
  -9.84856522  -9.93507167 -10.02084603 -10.10611474 -10.19214899] 
 0.88448980   [ -5.9965282   -5.99797794  -6.00233002  -6.00959302  -6.01978128
  -6.03291485  -6.04901949  -6.06812671  -6.09027372  -6.11550344
  -6.14386441  -6.17541079  -6.21020227  -6.24830392  -6.28978608
  -6.33472411  -6.38319815  -6.43529276  -6.49109644  -6.55070112
  -6.61420143  -6.68169386  -6.75327573  -6.82904394  -6.90909352
  -6.99351584  -7.08239658  -7.17581339  -7.27383313  -7.37650883
  -7.4838762   -7.59594985  -7.71271908  -7.83414346  -7.96014813
  -8.09061906  -8.22539831  -8.36427952  -8.5070039   -8.65325694
  -8.8026661   -8.95479981  -9.10916799  -9.26522396  -9.42236699
  -9.57994207  -9.73722507  -9.8933559  -10.04710282 -10.19610453] 
 0.92469388   [ -3.92116308  -3.92245891  -3.92635117  -3.93285412  -3.94199166
  -3.95379751  -3.96831546  -3.98559968  -4.00571517  -4.02873822
  -4.05475702  -4.0838723   -4.11619814  -4.15186283  -4.19100985
  -4.23379898  -4.2804075   -4.33103159  -4.38588771  -4.44521429
  -4.50927335  -4.57835237  -4.6527662   -4.73285892  -4.81900587
  -4.9116154   -5.01113057  -5.11803039  -5.23283049  -5.35608299
  -5.48837503  -5.63032561  -5.78258001  -5.94580103  -6.1206562
  -6.30779967  -6.50784782  -6.72134719  -6.94873393  -7.19028414
  -7.4460556   -7.71582248  -7.999007    -8.29461411  -8.60117907
  -8.91674386  -9.23889396  -9.56493091  -9.89237886 -10.22034153] 
 0.96489796   [ -1.3334153   -1.33395412  -1.33557323  -1.33828056  -1.34208943
  -1.34701873  -1.35309313  -1.36034339  -1.36880676  -1.37852744
  -1.38955715  -1.40195588  -1.41579265  -1.43114656  -1.4481079
  -1.46677959  -1.4872788   -1.50973889  -1.53431175  -1.56117055
  -1.5905131   -1.62256578  -1.65758843  -1.69588015  -1.73778649
  -1.78370818  -1.83411201  -1.88954423  -1.95064749  -2.01818197
  -2.09305245  -2.17634271  -2.26936013  -2.37369349  -2.49128885
  -2.62454958  -2.77646944  -2.95081     -3.15233785  -3.38714014
  -3.66303818  -3.99011149  -4.38131395  -4.85307503  -5.42555742
  -6.12173321  -6.96335363  -7.95975263  -9.08173718 -10.20798559] 
 1.00510204   [ 1.46455897  1.4650978   1.46671691  1.46942423  1.4732331   1.4781624
  1.4842368   1.49148707  1.49995044  1.50967111  1.52070083  1.53309955
  1.54693633  1.56229023  1.57925157  1.59792326  1.61842247  1.64088256
  1.66545542  1.69231423  1.72165677  1.75370945  1.7887321   1.82702383
  1.86893016  1.91485186  1.96525568  2.02068791  2.08179116  2.14932565
  2.22419612  2.30748638  2.4005038   2.50483716  2.62243252  2.75569326
  2.90761312  3.08195367  3.28348152  3.51828382  3.79418185  4.12125516
  4.51245762  4.9842187   5.55670109  6.25287688  7.0944973   8.0908963
  9.21288085 10.33912926] 
 1.04530612   [ 4.05230675  4.05360259  4.05749485  4.06399779  4.07313534  4.08494119
  4.09945913  4.11674336  4.13685885  4.1598819   4.18590069  4.21501597
  4.24734182  4.2830065   4.32215352  4.36494265  4.41155118  4.46217526
  4.51703139  4.57635796  4.64041702  4.70949605  4.78390987  4.8640026
  4.95014954  5.04275908  5.14227425  5.24917406  5.36397416  5.48722666
  5.61951871  5.76146929  5.91372368  6.0769447   6.25179987  6.43894335
  6.6389915   6.85249086  7.0798776   7.32142782  7.57719927  7.84696615
  8.13015068  8.42575779  8.73232274  9.04788753  9.37003764  9.69607458
 10.02352253 10.35148521] 
 1.08551020   [ 6.12767187  6.12912161  6.13347369  6.1407367   6.15092496  6.16405852
  6.18016316  6.19927038  6.2214174   6.24664711  6.27500808  6.30655446
  6.34134594  6.37944759  6.42092975  6.46586778  6.51434183  6.56643643
  6.62224011  6.68184479  6.7453451   6.81283753  6.8844194   6.96018762
  7.0402372   7.12465951  7.21354025  7.30695706  7.4049768   7.5076525
  7.61501988  7.72709353  7.84386276  7.96528713  8.0912918   8.22176274
  8.35654198  8.49542319  8.63814757  8.78440061  8.93380977  9.08594349
  9.24031167  9.39636763  9.55351066  9.71108574  9.86836874 10.02449957
 10.17824649 10.3272482 ] 
 1.12571429   [ 7.6189449   7.62015705  7.62379413  7.62985803  7.63835186  7.64927991
  7.66264756  7.67846116  7.69672795  7.71745586  7.74065337  7.76632928
  7.79449245  7.8251516   7.85831489  7.89398969  7.93218211  7.97289662
  8.01613557  8.06189867  8.11018245  8.16097965  8.21427857  8.2700624
  8.3283085   8.38898761  8.45206311  8.51749019  8.58521504  8.65517407
  8.72729312  8.80148669  8.8776573   8.95569485  9.03547618  9.11686463
  9.19970993  9.2838481   9.3691017   9.45528019  9.54218064  9.62958867
  9.71727974  9.80502113  9.89257542  9.9797089  10.06621535 10.1519897
 10.23725842 10.32329267] 
 1.16591837   [ 8.61370646  8.61457917  8.61719689  8.62155837  8.62766153  8.6355034
  8.64508007  8.65638666  8.66941721  8.68416461  8.70062052  8.71877522
  8.73861752  8.7601346   8.78331188  8.80813286  8.83457893  8.86262924
  8.89226047  8.92344667  8.95615906  8.99036584  9.02603197  9.06311902
  9.10158495  9.14138395  9.18246626  9.22477805  9.26826124  9.31285346
  9.35848791  9.40509336  9.4525941   9.50091002  9.54995665  9.59964526
  9.6498831   9.70057355  9.75161643  9.80290834  9.85434299  9.90581159
  9.95720326 10.00840494 10.05930021 10.10976354 10.15963978 10.20867546
 10.2562979  10.30092559] 
 1.20612245   [ 9.24685218  9.24743233  9.24917217  9.25206983  9.25612219  9.26132485
  9.26767217  9.27515718  9.28377158  9.29350574  9.30434864  9.31628783
  9.32930943  9.34339805  9.35853676  9.37470707  9.39188886  9.41006035
  9.42919806  9.44927677  9.47026946  9.49214733  9.51487971  9.53843408
  9.56277602  9.58786922  9.61367548  9.64015471  9.66726494  9.69496237
  9.72320138  9.75193462  9.78111304  9.810686    9.84060135  9.87080555
  9.90124375  9.93186001  9.96259737  9.99339806 10.02420368 10.05495541
 10.08559436 10.11606225 10.14630347 10.17627139 10.20594948 10.23541977
 10.26508106 10.29632895] 
 1.24632653   [ 9.63790535  9.63827498  9.63938335  9.64122891  9.64380903  9.64712006
  9.6511573   9.655915    9.66138635  9.66756347  9.67443746  9.68199832
  9.69023499  9.69913536  9.70868624  9.71887336  9.72968139  9.74109393
  9.75309351  9.76566161  9.77877865  9.79242401  9.80657604  9.82121208
  9.83630848  9.85184062  9.86778293  9.88410894  9.90079129  9.91780179
  9.93511147  9.95269061  9.97050878  9.98853496 10.00673751 10.02508434
 10.04354289 10.06208027 10.08066331 10.09925863 10.11783275 10.13635211
 10.15478307 10.17309143 10.19124086 10.20918676 10.22685584 10.24407855
 10.26037331 10.27427341] 
 1.28653061   [ 9.87409463  9.87432489  9.87501533  9.87616482  9.87777154  9.87983291
  9.88234564  9.8853057   9.88870833  9.89254806  9.8968187   9.90151333
  9.90662435  9.91214345  9.91806162  9.92436919  9.93105579  9.9381104
  9.94552136  9.95327635  9.96136247  9.96976617  9.97847334  9.98746931
  9.99673884 10.00626619 10.0160351  10.02602887 10.03623033 10.04662191
 10.05718565 10.06790325 10.07875609 10.08972528 10.10079169 10.11193599
 10.12313868 10.13438018 10.1456408  10.15690085 10.16814065 10.17934065
 10.19048158 10.20154501 10.21251512 10.22338486 10.23417646 10.24500858
 10.25631079 10.26949216] 
 1.32673469   [10.01359783 10.01373958 10.01416461 10.01487219 10.01586111 10.01712972
 10.01867584 10.02049685 10.02258966 10.02495072 10.02757599 10.03046101
 10.03360086 10.03699017 10.04062316 10.04449359 10.04859484 10.05291988
 10.05746126 10.06221117 10.06716144 10.07230351 10.07762851 10.08312723
 10.08879015 10.09460745 10.10056904 10.10666457 10.11288345 10.11921487
 10.12564782 10.1321711  10.13877338 10.14544317 10.15216888 10.15893883
 10.16574129 10.17256445 10.17939654 10.18622576 10.19304034 10.19982852
 10.20657847 10.21327777 10.21991173 10.22645738 10.23286309 10.23898187
 10.24435812 10.24756269] 
 1.36693878   [10.09350923 10.09359596 10.09385598 10.09428885 10.0948938  10.09566978
 10.09661544 10.09772912 10.09900886 10.10045244 10.10205733 10.10382072
 10.10573952 10.10781037 10.11002966 10.11239348 10.11489771 10.11753795
 10.12030958 10.12320774 10.12622736 10.12936314 10.13260959 10.13596102
 10.13941156 10.14295517 10.14658566 10.15029666 10.1540817  10.15793417
 10.16184734 10.1658144  10.16982844 10.17388249 10.17796952 10.18208245
 10.18621418 10.1903576  10.19450558 10.19865104 10.20278691 10.20690622
 10.21100224 10.21506899 10.21910295 10.22310915 10.22712142 10.23126883
 10.23598804 10.24268521] 
 1.40714286   [10.13694014 10.13699303 10.13715158 10.13741553 10.13778441 10.13825755
 10.13883413 10.1395131  10.14029328 10.14117328 10.14215153 10.1432263
 10.14439568 10.1456576  10.14700983 10.14844996 10.14997545 10.15158359
 10.15327154 10.15503632 10.1568748  10.15878374 10.16075976 10.16279939
 10.16489903 10.16705499 10.16926347 10.17152059 10.17382241 10.1761649
 10.17854395 10.18095543 10.18339513 10.18585881 10.18834222 10.19084105
 10.19335101 10.19586778 10.19838706 10.20090454 10.20341593 10.20591692
 10.20840306 10.21086928 10.21330818 10.21570401 10.21801254 10.2200949
 10.2215061  10.22083596] 
 1.44734694   [10.15811825 10.15815044 10.15824696 10.15840764 10.15863218 10.15892019
 10.15927115 10.15968443 10.1601593  10.1606949  10.16129028 10.16194437
 10.162656   10.16342391 10.16424673 10.16512298 10.16605111 10.16702946
 10.1680563  10.1691298  10.17024805 10.17140907 10.17261081 10.17385113
 10.17512784 10.1764387  10.17778139 10.17915355 10.18055277 10.1819766
 10.18342255 10.1848881  10.18637069 10.18786776 10.1893767  10.19089492
 10.19241981 10.19394874 10.19547911 10.19700832 10.19853378 10.200053
 10.20156365 10.20306411 10.20455518 10.20604605 10.2075744  10.20927233
 10.21157693 10.21588691] 
 1.48755102   [10.16574776 10.16576734 10.16582604 10.16592376 10.16606033 10.16623549
 10.16644893 10.16670028 10.16698907 10.16731479 10.16767685 10.16807461
 10.16850735 10.1689743  10.16947463 10.17000743 10.17057175 10.17116659
 10.17179089 10.17244353 10.17312335 10.17382915 10.17455967 10.17531362
 10.17608965 10.17688641 10.17770248 10.17853643 10.17938679 10.18025208
 10.18113077 10.18202133 10.18292222 10.18383188 10.18474871 10.18567115
 10.18659761 10.1875265  10.18845624 10.18938523 10.1903119  10.19123461
 10.19215159 10.19306041 10.19395628 10.19482613 10.19562856 10.1962282
 10.19618593 10.19410481] 
 1.52775510   [10.16513633 10.16514823 10.16518392 10.16524333 10.16532634 10.16543282
 10.16556257 10.16571536 10.16589092 10.16608891 10.166309   10.16655079
 10.16681383 10.16709767 10.16740178 10.16772563 10.16806864 10.16843019
 10.16880963 10.16920629 10.16961947 10.17004843 10.1704924  10.17095059
 10.17142221 10.1719064  10.17240232 10.1729091  10.17342584 10.17395163
 10.17448556 10.1750267  10.1755741  10.17612681 10.17668387 10.17724434
 10.17780723 10.17837159 10.17893646 10.17950087 10.1800639  10.18062465
 10.18118242 10.18173718 10.18229127 10.18285533 10.18346826 10.18426261
 10.18567356 10.18909047] 
 1.56795918   [10.15951494 10.15952217 10.15954386 10.15957996 10.15963042 10.15969513
 10.15977399 10.15986685 10.15997354 10.16009387 10.16022762 10.16037456
 10.16053443 10.16070692 10.16089174 10.16108854 10.16129699 10.16151671
 10.16174729 10.16198834 10.16223942 10.16250009 10.16276988 10.16304831
 10.16333489 10.16362911 10.16393045 10.16423839 10.16455238 10.16487186
 10.16519629 10.16552509 10.16585769 10.16619352 10.16653199 10.16687252
 10.16721452 10.16755741 10.16790061 10.16824352 10.16858555 10.16892607
 10.16926427 10.16959869 10.16992553 10.17023274 10.17048016 10.17053437
 10.16996054 10.16737342] 
 1.60816327   [10.15084863 10.15085303 10.15086621 10.15088814 10.1509188  10.15095813
 10.15100605 10.15106248 10.15112731 10.15120043 10.15128171 10.151371
 10.15146814 10.15157296 10.15168526 10.15180486 10.15193152 10.15206503
 10.15220514 10.15235162 10.15250418 10.15266257 10.15282651 10.15299569
 10.15316982 10.1533486  10.1535317  10.15371881 10.15390959 10.15410371
 10.15430083 10.15450061 10.1547027  10.15490675 10.1551124  10.1553193
 10.1555271  10.15573544 10.15594396 10.15615231 10.15636016 10.15656722
 10.15677338 10.15697918 10.15718751 10.1574095  10.15768429 10.15814391
 10.1592206  10.1622932 ] 
 1.64836735   [10.14033197 10.14033464 10.14034265 10.14035598 10.14037461 10.14039851
 10.14042762 10.14046191 10.14050131 10.14054574 10.14059512 10.14064938
 10.14070841 10.1407721  10.14084034 10.140913   10.14098997 10.14107109
 10.14115623 10.14124522 10.14133793 10.14143417 10.14153377 10.14163657
 10.14174238 10.141851   10.14196226 10.14207594 10.14219186 10.14230981
 10.14242958 10.14255097 10.14267376 10.14279773 10.14292268 10.1430484
 10.14317465 10.14330123 10.14342792 10.14355451 10.14368075 10.14380639
 10.14393097 10.14405341 10.14417027 10.14426996 10.14431297 10.1441673
 10.14340203 10.14064358] 
 1.68857143   [10.12869096 10.12869259 10.12869745 10.12870555 10.12871687 10.12873139
 10.12874908 10.12876992 10.12879385 10.12882085 10.12885086 10.12888383
 10.12891969 10.12895839 10.12899985 10.12904401 10.12909077 10.12914006
 10.12919179 10.12924587 10.12930219 10.12936067 10.12942119 10.12948365
 10.12954794 10.12961394 10.12968153 10.12975061 10.12982104 10.12989271
 10.12996548 10.13003923 10.13011384 10.13018917 10.13026509 10.13034147
 10.13041818 10.13049509 10.13057207 10.13064899 10.13072573 10.13080224
 10.1308786  10.13095559 10.13103626 10.13113187 10.13128142 10.13161601
 10.1325644  10.13549388] 
 1.72877551   [10.11636679 10.11636777 10.11637073 10.11637565 10.11638253 10.11639135
 10.1164021  10.11641476 10.1164293  10.11644571 10.11646394 10.11648397
 10.11650576 10.11652927 10.11655447 10.11658129 10.11660971 10.11663966
 10.11667109 10.11670394 10.11673817 10.1167737  10.11681047 10.11684842
 10.11688748 10.11692758 10.11696865 10.11701062 10.11705342 10.11709696
 10.11714118 10.11718599 10.11723132 10.11727709 10.11732322 10.11736962
 10.11741623 10.11746296 10.11750973 10.11755646 10.11760305 10.11764936
 10.11769509 10.11773928 10.11777867 10.11780188 10.11776988 10.11755197
 10.11672115 10.11391615] 
 1.76897959   [10.10362751 10.10362811 10.1036299  10.1036329  10.10363707 10.10364243
 10.10364897 10.10365666 10.10366549 10.10367546 10.10368654 10.10369871
 10.10371195 10.10372624 10.10374154 10.10375784 10.10377511 10.1037933
 10.1038124  10.10383236 10.10385316 10.10387475 10.10389709 10.10392015
 10.10394388 10.10396825 10.1039932  10.1040187  10.1040447  10.10407116
 10.10409803 10.10412525 10.10415279 10.1041806  10.10420863 10.10423683
 10.10426515 10.10429354 10.10432196 10.10435036 10.1043787  10.10440701
 10.10443546 10.10446488 10.1044984  10.10454722 10.10465007 10.10493691
 10.10583261 10.10869191] 
 1.80918367   [10.09063602 10.09063638 10.09063748 10.09063929 10.09064183 10.09064509
 10.09064906 10.09065373 10.0906591  10.09066515 10.09067189 10.09067928
 10.09068733 10.09069601 10.09070531 10.09071521 10.0907257  10.09073676
 10.09074836 10.09076049 10.09077312 10.09078624 10.09079982 10.09081383
 10.09082825 10.09084305 10.09085821 10.09087371 10.0908895  10.09090558
 10.0909219  10.09093844 10.09095518 10.09097208 10.0909891  10.09100624
 10.09102344 10.09104069 10.09105796 10.0910752  10.09109239 10.09110942
 10.09112604 10.09114136 10.09115219 10.0911473  10.09108809 10.09084517
 10.0899957  10.08719155] 
 1.84938776   [10.07749129 10.07749151 10.07749217 10.07749328 10.07749482 10.0774968
 10.07749921 10.07750205 10.07750531 10.07750899 10.07751308 10.07751757
 10.07752246 10.07752774 10.07753339 10.0775394  10.07754578 10.07755249
 10.07755954 10.07756691 10.07757459 10.07758256 10.07759081 10.07759932
 10.07760808 10.07761708 10.07762629 10.0776357  10.0776453  10.07765507
 10.07766499 10.07767504 10.07768521 10.07769547 10.07770582 10.07771623
 10.07772668 10.07773716 10.07774766 10.07775814 10.07776863 10.07777914
 10.0777899  10.07780175 10.07781782 10.07784922 10.07793433 10.07820182
 10.07907232 10.08188697] 
 1.88959184   [10.06425345 10.06425358 10.06425398 10.06425466 10.06425559 10.0642568
 10.06425826 10.06425999 10.06426197 10.0642642  10.06426669 10.06426942
 10.06427239 10.06427559 10.06427903 10.06428268 10.06428655 10.06429064
 10.06429492 10.0642994  10.06430406 10.0643089  10.06431392 10.06431909
 10.06432441 10.06432988 10.06433547 10.06434119 10.06434703 10.06435296
 10.06435899 10.06436509 10.06437127 10.06437751 10.06438379 10.06439012
 10.06439647 10.06440284 10.06440921 10.06441557 10.0644219  10.06442813
 10.06443401 10.06443868 10.064439   10.06442389 10.06435516 10.06410479
 10.06325439 10.06046999] 
 1.92979592   [10.05095903 10.05095912 10.05095936 10.05095977 10.05096034 10.05096107
 10.05096196 10.05096301 10.05096421 10.05096557 10.05096708 10.05096874
 10.05097054 10.05097249 10.05097458 10.0509768  10.05097915 10.05098163
 10.05098423 10.05098695 10.05098979 10.05099273 10.05099577 10.05099892
 10.05100215 10.05100547 10.05100887 10.05101235 10.05101589 10.0510195
 10.05102316 10.05102687 10.05103062 10.05103441 10.05103823 10.05104207
 10.05104593 10.0510498  10.05105368 10.05105755 10.05106144 10.05106538
 10.05106961 10.05107496 10.05108455 10.05110937 10.05118739 10.05144589
 10.0523009  10.05507893] 
 1.97000000   [10.03763025 10.0376303  10.03763045 10.03763069 10.03763104 10.03763148
 10.03763202 10.03763266 10.03763339 10.03763422 10.03763514 10.03763614
 10.03763724 10.03763842 10.03763969 10.03764104 10.03764247 10.03764398
 10.03764556 10.03764721 10.03764893 10.03765072 10.03765257 10.03765448
 10.03765645 10.03765846 10.03766053 10.03766264 10.03766479 10.03766698
 10.03766921 10.03767146 10.03767374 10.03767605 10.03767837 10.0376807
 10.03768305 10.0376854  10.03768775 10.0376901  10.03769242 10.03769465
 10.03769657 10.03769732 10.03769381 10.03767508 10.0376034  10.03735219
 10.03650785 10.03375159] 