           t=0.0     t=0.05     t=0.1     t=0.15000000000000002     t=0.2     t=0.25     t=0.30000000000000004     t=0.35000000000000003     t=0.4     t=0.45     t=0.5 
            i= 0       i= 1       i= 2       i= 3       i= 4       i= 5       i= 6       i= 7       i= 8       i= 9       i= 10  
x=0.0,j=0  0.00  0.00  0.00  0.01  0.03  0.06  0.13  0.24  0.41  0.66  1.00 
x=0.1,j=1  0.00  -0.00  -0.00  0.00  0.02  0.05  0.11  0.21  0.37  0.61  1.06 
x=0.2,j=2  0.00  -0.00  0.00  0.01  0.02  0.06  0.13  0.24  0.41  0.78  1.24 
x=0.30000000000000004,j=3  0.00  0.00  0.01  0.02  0.05  0.11  0.19  0.33  0.64  1.04  1.55 
x=0.4,j=4  0.00  0.01  0.02  0.05  0.10  0.18  0.30  0.60  0.96  1.42  1.99 
x=0.5,j=5  0.00  0.02  0.05  0.10  0.18  0.30  0.59  0.94  1.37  1.90  2.56 
x=0.6000000000000001,j=6  0.00  0.05  0.10  0.18  0.30  0.59  0.94  1.36  1.88  2.52  3.29 
x=0.7000000000000001,j=7  0.00  0.08  0.18  0.30  0.59  0.94  1.36  1.88  2.51  3.27  4.18 
x=0.8,j=8  0.00  0.13  0.28  0.58  0.93  1.36  1.88  2.51  3.26  4.17  5.25 
x=0.9,j=9  0.00  0.20  0.54  0.91  1.35  1.88  2.51  3.27  4.17  5.25  6.52 
x=1.0,j=10  0.00  0.40  0.83  1.31  1.86  2.50  3.26  4.17  5.25  6.52  8.00 
