150111.0 274.0 2015.0 1.0 11.0
150112.0 255.023 2015.0 1.0 12.0
150117.0 255.023 2015.0 1.0 17.0
150120.0 256.489 2015.0 1.0 20.0
150127.0 267.267 2015.0 1.0 27.0
150129.0 262.889 2015.0 1.0 29.0
150204.0 259.424 2015.0 2.0 4.0
150207.0 301.867 2015.0 2.0 7.0
150208.0 259.424 2015.0 2.0 8.0
150209.0 279.533 2015.0 2.0 9.0
150210.0 282.378 2015.0 2.0 10.0
150211.0 259.424 2015.0 2.0 11.0
150218.0 259.424 2015.0 2.0 18.0
150219.0 290.767 2015.0 2.0 19.0
150220.0 259.424 2015.0 2.0 20.0
150225.0 281.067 2015.0 2.0 25.0
150226.0 297.322 2015.0 2.0 26.0
150303.0 273.379 2015.0 3.0 3.0
150312.0 273.379 2015.0 3.0 12.0
150322.0 282.4 2015.0 3.0 22.0
150323.0 289.411 2015.0 3.0 23.0
150324.0 277.844 2015.0 3.0 24.0
150327.0 318.1 2015.0 3.0 27.0
150328.0 301.178 2015.0 3.0 28.0
150329.0 287.6 2015.0 3.0 29.0
150330.0 278.733 2015.0 3.0 30.0
150402.0 293.0 2015.0 4.0 2.0
150423.0 275.933 2015.0 4.0 23.0
150426.0 282.089 2015.0 4.0 26.0
150428.0 311.8 2015.0 4.0 28.0
150429.0 306.25 2015.0 4.0 29.0
150430.0 293.767 2015.0 4.0 30.0
150501.0 313.044 2015.0 5.0 1.0
150508.0 269.444 2015.0 5.0 8.0
150509.0 282.9 2015.0 5.0 9.0
150515.0 300.525 2015.0 5.0 15.0
150516.0 316.622 2015.0 5.0 16.0
150525.0 313.1 2015.0 5.0 25.0
150602.0 305.789 2015.0 6.0 2.0
150604.0 293.778 2015.0 6.0 4.0
150626.0 293.667 2015.0 6.0 26.0
150712.0 298.533 2015.0 7.0 12.0
150713.0 297.478 2015.0 7.0 13.0
150714.0 286.822 2015.0 7.0 14.0
150715.0 280.556 2015.0 7.0 15.0
150716.0 287.236 2015.0 7.0 16.0
150718.0 286.267 2015.0 7.0 18.0
150719.0 289.733 2015.0 7.0 19.0
150721.0 286.444 2015.0 7.0 21.0
150723.0 297.667 2015.0 7.0 23.0
150724.0 299.656 2015.0 7.0 24.0
150726.0 282.467 2015.0 7.0 26.0
150727.0 287.236 2015.0 7.0 27.0
150728.0 283.3 2015.0 7.0 28.0
150729.0 292.489 2015.0 7.0 29.0
150730.0 295.044 2015.0 7.0 30.0
150802.0 298.167 2015.0 8.0 2.0
150804.0 283.922 2015.0 8.0 4.0
150805.0 293.744 2015.0 8.0 5.0
150806.0 280.9 2015.0 8.0 6.0
150807.0 294.456 2015.0 8.0 7.0
150808.0 301.567 2015.0 8.0 8.0
150809.0 289.411 2015.0 8.0 9.0
150810.0 284.181 2015.0 8.0 10.0
150811.0 284.767 2015.0 8.0 11.0
150816.0 288.044 2015.0 8.0 16.0
150818.0 302.167 2015.0 8.0 18.0
150821.0 291.289 2015.0 8.0 21.0
150823.0 297.511 2015.0 8.0 23.0
150827.0 282.0 2015.0 8.0 27.0
150828.0 284.181 2015.0 8.0 28.0
150829.0 285.967 2015.0 8.0 29.0
150831.0 279.244 2015.0 8.0 31.0
150901.0 274.667 2015.0 9.0 1.0
151011.0 260.191 2015.0 10.0 11.0
151012.0 271.956 2015.0 10.0 12.0
151014.0 266.167 2015.0 10.0 14.0
151015.0 262.4 2015.0 10.0 15.0
151026.0 258.044 2015.0 10.0 26.0
151027.0 260.191 2015.0 10.0 27.0
151028.0 252.767 2015.0 10.0 28.0
151102.0 256.978 2015.0 11.0 2.0
151122.0 261.067 2015.0 11.0 22.0
151123.0 254.882 2015.0 11.0 23.0
151124.0 260.422 2015.0 11.0 24.0
151203.0 253.601 2015.0 12.0 3.0
151204.0 267.411 2015.0 12.0 4.0
151209.0 253.601 2015.0 12.0 9.0
151210.0 252.222 2015.0 12.0 10.0
151211.0 251.1 2015.0 12.0 11.0
151214.0 253.601 2015.0 12.0 14.0
151216.0 253.601 2015.0 12.0 16.0
151224.0 254.1 2015.0 12.0 24.0
151225.0 253.601 2015.0 12.0 25.0
151228.0 253.601 2015.0 12.0 28.0
160107.0 240.778 2016.0 1.0 7.0
160109.0 237.833 2016.0 1.0 9.0
160110.0 255.023 2016.0 1.0 10.0
160111.0 259.233 2016.0 1.0 11.0
160112.0 263.678 2016.0 1.0 12.0
160115.0 255.023 2016.0 1.0 15.0
160116.0 285.522 2016.0 1.0 16.0
160117.0 255.023 2016.0 1.0 17.0
160118.0 278.0 2016.0 1.0 18.0
160119.0 281.178 2016.0 1.0 19.0
160120.0 255.023 2016.0 1.0 20.0
160121.0 273.033 2016.0 1.0 21.0
160122.0 255.023 2016.0 1.0 22.0
160123.0 270.922 2016.0 1.0 23.0
160124.0 255.023 2016.0 1.0 24.0
160128.0 278.367 2016.0 1.0 28.0
160129.0 255.023 2016.0 1.0 29.0
160131.0 255.023 2016.0 1.0 31.0
160201.0 252.978 2016.0 2.0 1.0
160202.0 259.424 2016.0 2.0 2.0
160203.0 254.2 2016.0 2.0 3.0
160204.0 259.424 2016.0 2.0 4.0
160206.0 261.5 2016.0 2.0 6.0
160210.0 274.933 2016.0 2.0 10.0
160211.0 259.424 2016.0 2.0 11.0
160212.0 267.944 2016.0 2.0 12.0
160213.0 252.989 2016.0 2.0 13.0
160214.0 259.424 2016.0 2.0 14.0
160215.0 288.611 2016.0 2.0 15.0
160216.0 259.424 2016.0 2.0 16.0
160219.0 267.0 2016.0 2.0 19.0
160223.0 259.424 2016.0 2.0 23.0
160225.0 259.424 2016.0 2.0 25.0
160229.0 270.244 2016.0 2.0 29.0
160301.0 273.379 2016.0 3.0 1.0
160302.0 277.067 2016.0 3.0 2.0
160303.0 273.379 2016.0 3.0 3.0
160312.0 273.379 2016.0 3.0 12.0
160313.0 270.2 2016.0 3.0 13.0
160322.0 284.333 2016.0 3.0 22.0
160323.0 284.256 2016.0 3.0 23.0
160327.0 281.489 2016.0 3.0 27.0
160403.0 271.289 2016.0 4.0 3.0
160404.0 268.667 2016.0 4.0 4.0
160405.0 261.111 2016.0 4.0 5.0
160417.0 292.444 2016.0 4.0 17.0
160421.0 303.222 2016.0 4.0 21.0
160424.0 298.911 2016.0 4.0 24.0
160425.0 292.233 2016.0 4.0 25.0
160426.0 294.422 2016.0 4.0 26.0
160427.0 290.533 2016.0 4.0 27.0
160428.0 282.3 2016.0 4.0 28.0
160430.0 283.2 2016.0 4.0 30.0
160504.0 273.178 2016.0 5.0 4.0
160506.0 287.7 2016.0 5.0 6.0
160516.0 302.5 2016.0 5.0 16.0
160517.0 294.433 2016.0 5.0 17.0
160614.0 280.0 2016.0 6.0 14.0
160622.0 286.456 2016.0 6.0 22.0
160706.0 284.567 2016.0 7.0 6.0
160707.0 271.889 2016.0 7.0 7.0
160708.0 292.267 2016.0 7.0 8.0
160709.0 287.0 2016.0 7.0 9.0
160714.0 280.4 2016.0 7.0 14.0
160716.0 280.044 2016.0 7.0 16.0
160717.0 281.233 2016.0 7.0 17.0
160722.0 283.367 2016.0 7.0 22.0
160723.0 278.156 2016.0 7.0 23.0
160724.0 300.178 2016.0 7.0 24.0
160802.0 280.633 2016.0 8.0 2.0
160803.0 284.181 2016.0 8.0 3.0
160804.0 290.367 2016.0 8.0 4.0
160823.0 276.189 2016.0 8.0 23.0
160825.0 287.844 2016.0 8.0 25.0
160826.0 293.667 2016.0 8.0 26.0
160908.0 268.789 2016.0 9.0 8.0
160909.0 276.689 2016.0 9.0 9.0
160910.0 282.867 2016.0 9.0 10.0
160912.0 280.822 2016.0 9.0 12.0
160919.0 255.5 2016.0 9.0 19.0
160920.0 271.108 2016.0 9.0 20.0
160921.0 275.767 2016.0 9.0 21.0
160922.0 256.7 2016.0 9.0 22.0
160923.0 256.511 2016.0 9.0 23.0
161004.0 260.191 2016.0 10.0 4.0
161011.0 260.191 2016.0 10.0 11.0
161012.0 250.811 2016.0 10.0 12.0
161018.0 260.191 2016.0 10.0 18.0
161029.0 260.191 2016.0 10.0 29.0
161031.0 260.191 2016.0 10.0 31.0
161101.0 256.367 2016.0 11.0 1.0
161115.0 271.244 2016.0 11.0 15.0
161116.0 254.882 2016.0 11.0 16.0
161117.0 265.067 2016.0 11.0 17.0
161118.0 254.882 2016.0 11.0 18.0
161120.0 244.378 2016.0 11.0 20.0
161121.0 254.882 2016.0 11.0 21.0
161128.0 254.882 2016.0 11.0 28.0
161130.0 254.882 2016.0 11.0 30.0
161201.0 251.5 2016.0 12.0 1.0
161206.0 242.267 2016.0 12.0 6.0
161207.0 253.601 2016.0 12.0 7.0
161211.0 253.601 2016.0 12.0 11.0
161212.0 248.044 2016.0 12.0 12.0
161213.0 231.922 2016.0 12.0 13.0
161216.0 253.601 2016.0 12.0 16.0
161217.0 239.111 2016.0 12.0 17.0
161220.0 253.601 2016.0 12.0 20.0
161221.0 253.601 2016.0 12.0 21.0
170103.0 255.023 2017.0 1.0 3.0
170105.0 248.756 2017.0 1.0 5.0
170109.0 259.6 2017.0 1.0 9.0
170111.0 259.633 2017.0 1.0 11.0
170112.0 255.023 2017.0 1.0 12.0
170113.0 239.467 2017.0 1.0 13.0
170119.0 255.023 2017.0 1.0 19.0
170121.0 255.023 2017.0 1.0 21.0
170122.0 255.023 2017.0 1.0 22.0
170123.0 239.222 2017.0 1.0 23.0
170124.0 255.023 2017.0 1.0 24.0
170130.0 247.756 2017.0 1.0 30.0
170201.0 255.189 2017.0 2.0 1.0
170202.0 259.424 2017.0 2.0 2.0
170207.0 259.424 2017.0 2.0 7.0
170209.0 259.424 2017.0 2.0 9.0
170210.0 243.333 2017.0 2.0 10.0
170211.0 259.424 2017.0 2.0 11.0
170212.0 247.733 2017.0 2.0 12.0
170217.0 279.867 2017.0 2.0 17.0
170218.0 259.424 2017.0 2.0 18.0
170220.0 259.424 2017.0 2.0 20.0
170221.0 248.767 2017.0 2.0 21.0
170222.0 259.424 2017.0 2.0 22.0
170223.0 259.424 2017.0 2.0 23.0
170224.0 253.344 2017.0 2.0 24.0
170227.0 259.424 2017.0 2.0 27.0
170318.0 286.344 2017.0 3.0 18.0
170320.0 280.367 2017.0 3.0 20.0
170321.0 281.689 2017.0 3.0 21.0
170322.0 278.0 2017.0 3.0 22.0
170324.0 273.379 2017.0 3.0 24.0
170327.0 283.3 2017.0 3.0 27.0
170329.0 263.533 2017.0 3.0 29.0
170330.0 267.6 2017.0 3.0 30.0
170331.0 273.379 2017.0 3.0 31.0
170401.0 280.667 2017.0 4.0 1.0
170402.0 286.522 2017.0 4.0 2.0
170403.0 286.378 2017.0 4.0 3.0
170405.0 280.522 2017.0 4.0 5.0
170419.0 297.144 2017.0 4.0 19.0
170420.0 297.744 2017.0 4.0 20.0
170421.0 296.056 2017.0 4.0 21.0
170425.0 280.308 2017.0 4.0 25.0
170426.0 288.7 2017.0 4.0 26.0
170427.0 280.308 2017.0 4.0 27.0
170428.0 294.233 2017.0 4.0 28.0
170430.0 267.767 2017.0 4.0 30.0
170501.0 281.267 2017.0 5.0 1.0
170503.0 294.833 2017.0 5.0 3.0
170505.0 309.622 2017.0 5.0 5.0
170506.0 291.244 2017.0 5.0 6.0
170514.0 285.0 2017.0 5.0 14.0
170618.0 286.4 2017.0 6.0 18.0
170723.0 293.856 2017.0 7.0 23.0
170724.0 276.389 2017.0 7.0 24.0
170728.0 278.733 2017.0 7.0 28.0
170729.0 293.111 2017.0 7.0 29.0
170730.0 287.236 2017.0 7.0 30.0
170812.0 285.833 2017.0 8.0 12.0
170813.0 287.667 2017.0 8.0 13.0
170814.0 281.689 2017.0 8.0 14.0
170815.0 284.181 2017.0 8.0 15.0
170816.0 286.867 2017.0 8.0 16.0
170818.0 267.033 2017.0 8.0 18.0
170819.0 278.767 2017.0 8.0 19.0
170823.0 285.4 2017.0 8.0 23.0
170830.0 281.967 2017.0 8.0 30.0
170908.0 269.333 2017.0 9.0 8.0
170912.0 274.478 2017.0 9.0 12.0
170913.0 282.111 2017.0 9.0 13.0
170914.0 276.933 2017.0 9.0 14.0
170915.0 270.822 2017.0 9.0 15.0
171006.0 267.5 2017.0 10.0 6.0
171007.0 260.191 2017.0 10.0 7.0
171008.0 265.522 2017.0 10.0 8.0
171009.0 260.191 2017.0 10.0 9.0
171017.0 264.078 2017.0 10.0 17.0
171018.0 260.191 2017.0 10.0 18.0
171023.0 260.191 2017.0 10.0 23.0
171025.0 260.191 2017.0 10.0 25.0
171026.0 271.667 2017.0 10.0 26.0
171028.0 272.733 2017.0 10.0 28.0
171029.0 275.633 2017.0 10.0 29.0
171030.0 260.191 2017.0 10.0 30.0
171101.0 254.882 2017.0 11.0 1.0
171103.0 254.882 2017.0 11.0 3.0
171105.0 254.882 2017.0 11.0 5.0
171106.0 254.882 2017.0 11.0 6.0
171107.0 252.533 2017.0 11.0 7.0
171115.0 254.882 2017.0 11.0 15.0
171118.0 261.667 2017.0 11.0 18.0
171119.0 254.882 2017.0 11.0 19.0
171120.0 268.733 2017.0 11.0 20.0
171121.0 271.911 2017.0 11.0 21.0
171122.0 254.882 2017.0 11.0 22.0
171123.0 281.3 2017.0 11.0 23.0
171124.0 254.882 2017.0 11.0 24.0
171125.0 249.844 2017.0 11.0 25.0
171126.0 254.882 2017.0 11.0 26.0
171130.0 258.0 2017.0 11.0 30.0
171210.0 253.601 2017.0 12.0 10.0
171212.0 253.601 2017.0 12.0 12.0
171224.0 253.601 2017.0 12.0 24.0
180108.0 255.023 2018.0 1.0 8.0
180110.0 249.556 2018.0 1.0 10.0
180111.0 255.023 2018.0 1.0 11.0
180112.0 259.856 2018.0 1.0 12.0
180113.0 255.023 2018.0 1.0 13.0
180115.0 255.023 2018.0 1.0 15.0
180119.0 313.789 2018.0 1.0 19.0
180120.0 255.023 2018.0 1.0 20.0
180211.0 297.633 2018.0 2.0 11.0
180302.0 273.379 2018.0 3.0 2.0
180304.0 273.379 2018.0 3.0 4.0
180307.0 273.379 2018.0 3.0 7.0
180310.0 275.9 2018.0 3.0 10.0
180311.0 273.379 2018.0 3.0 11.0
180317.0 256.1 2018.0 3.0 17.0
180319.0 261.3 2018.0 3.0 19.0
180325.0 285.567 2018.0 3.0 25.0
180329.0 284.944 2018.0 3.0 29.0
180330.0 299.8 2018.0 3.0 30.0
180331.0 281.978 2018.0 3.0 31.0
180401.0 263.389 2018.0 4.0 1.0
180406.0 293.333 2018.0 4.0 6.0
180408.0 288.4 2018.0 4.0 8.0
180413.0 288.9 2018.0 4.0 13.0
180414.0 280.308 2018.0 4.0 14.0
180415.0 295.067 2018.0 4.0 15.0
180416.0 286.4 2018.0 4.0 16.0
180417.0 265.811 2018.0 4.0 17.0
180418.0 285.2 2018.0 4.0 18.0
180501.0 291.267 2018.0 5.0 1.0
180508.0 297.956 2018.0 5.0 8.0
180516.0 287.812 2018.0 5.0 16.0
180517.0 279.633 2018.0 5.0 17.0
180518.0 292.011 2018.0 5.0 18.0
180525.0 282.011 2018.0 5.0 25.0
180526.0 288.833 2018.0 5.0 26.0
180527.0 279.511 2018.0 5.0 27.0
180528.0 295.167 2018.0 5.0 28.0
180529.0 279.433 2018.0 5.0 29.0
180530.0 287.812 2018.0 5.0 30.0
180531.0 277.1 2018.0 5.0 31.0
180602.0 291.667 2018.0 6.0 2.0
180604.0 281.411 2018.0 6.0 4.0
180605.0 291.533 2018.0 6.0 5.0
180606.0 283.44 2018.0 6.0 6.0
180607.0 289.933 2018.0 6.0 7.0
180623.0 282.667 2018.0 6.0 23.0
180628.0 296.789 2018.0 6.0 28.0
180629.0 318.433 2018.0 6.0 29.0
180701.0 287.236 2018.0 7.0 1.0
180711.0 288.089 2018.0 7.0 11.0
180712.0 295.567 2018.0 7.0 12.0
180715.0 306.733 2018.0 7.0 15.0
180716.0 304.144 2018.0 7.0 16.0
180717.0 287.236 2018.0 7.0 17.0
180718.0 290.967 2018.0 7.0 18.0
180719.0 287.236 2018.0 7.0 19.0
180720.0 291.4 2018.0 7.0 20.0
180721.0 292.911 2018.0 7.0 21.0
180722.0 297.656 2018.0 7.0 22.0
180723.0 290.344 2018.0 7.0 23.0
180728.0 288.222 2018.0 7.0 28.0
180801.0 292.167 2018.0 8.0 1.0
180803.0 288.067 2018.0 8.0 3.0
180810.0 295.467 2018.0 8.0 10.0
180814.0 287.044 2018.0 8.0 14.0
180815.0 294.633 2018.0 8.0 15.0
180816.0 317.65 2018.0 8.0 16.0
180817.0 296.222 2018.0 8.0 17.0
180818.0 284.181 2018.0 8.0 18.0
180819.0 281.8 2018.0 8.0 19.0
180820.0 284.181 2018.0 8.0 20.0
180821.0 288.133 2018.0 8.0 21.0
180822.0 287.278 2018.0 8.0 22.0
180823.0 294.822 2018.0 8.0 23.0
180824.0 294.767 2018.0 8.0 24.0
180825.0 284.181 2018.0 8.0 25.0
180826.0 286.4 2018.0 8.0 26.0
180827.0 284.067 2018.0 8.0 27.0
180828.0 287.067 2018.0 8.0 28.0
180831.0 301.744 2018.0 8.0 31.0
180901.0 302.133 2018.0 9.0 1.0
180925.0 269.7 2018.0 9.0 25.0
181009.0 262.789 2018.0 10.0 9.0
181027.0 264.767 2018.0 10.0 27.0
181028.0 260.191 2018.0 10.0 28.0
181030.0 260.191 2018.0 10.0 30.0
181103.0 272.611 2018.0 11.0 3.0
181106.0 254.882 2018.0 11.0 6.0
181107.0 249.767 2018.0 11.0 7.0
181114.0 267.3 2018.0 11.0 14.0
181116.0 256.544 2018.0 11.0 16.0
181124.0 254.882 2018.0 11.0 24.0
181126.0 250.222 2018.0 11.0 26.0
181130.0 242.8 2018.0 11.0 30.0
181201.0 253.601 2018.0 12.0 1.0
181202.0 229.878 2018.0 12.0 2.0
181210.0 237.678 2018.0 12.0 10.0
181213.0 253.601 2018.0 12.0 13.0
181214.0 258.633 2018.0 12.0 14.0
181215.0 253.601 2018.0 12.0 15.0
181216.0 245.8 2018.0 12.0 16.0
181219.0 249.644 2018.0 12.0 19.0
181220.0 253.601 2018.0 12.0 20.0
181221.0 249.333 2018.0 12.0 21.0
181222.0 253.601 2018.0 12.0 22.0
181223.0 238.667 2018.0 12.0 23.0
181227.0 253.601 2018.0 12.0 27.0
181228.0 229.733 2018.0 12.0 28.0
190103.0 212.689 2019.0 1.0 3.0
190104.0 236.244 2019.0 1.0 4.0
190105.0 255.023 2019.0 1.0 5.0
190112.0 255.023 2019.0 1.0 12.0
190119.0 242.578 2019.0 1.0 19.0
190120.0 236.511 2019.0 1.0 20.0
190121.0 255.023 2019.0 1.0 21.0
190124.0 258.456 2019.0 1.0 24.0
190127.0 255.023 2019.0 1.0 27.0
190128.0 255.023 2019.0 1.0 28.0
190207.0 250.422 2019.0 2.0 7.0
190213.0 259.424 2019.0 2.0 13.0
190215.0 259.424 2019.0 2.0 15.0
190216.0 234.533 2019.0 2.0 16.0
190217.0 259.424 2019.0 2.0 17.0
190224.0 259.424 2019.0 2.0 24.0
190226.0 259.424 2019.0 2.0 26.0
190227.0 238.9 2019.0 2.0 27.0
190313.0 256.544 2019.0 3.0 13.0
190314.0 273.379 2019.0 3.0 14.0
190323.0 271.389 2019.0 3.0 23.0
190330.0 273.379 2019.0 3.0 30.0
190404.0 260.033 2019.0 4.0 4.0
190406.0 280.308 2019.0 4.0 6.0
190407.0 269.133 2019.0 4.0 7.0
190409.0 270.167 2019.0 4.0 9.0
190410.0 259.278 2019.0 4.0 10.0
190411.0 262.889 2019.0 4.0 11.0
190413.0 307.5 2019.0 4.0 13.0
190414.0 278.056 2019.0 4.0 14.0
190418.0 275.2 2019.0 4.0 18.0
190419.0 283.622 2019.0 4.0 19.0
190420.0 273.0 2019.0 4.0 20.0
190421.0 276.933 2019.0 4.0 21.0
190425.0 278.989 2019.0 4.0 25.0
190427.0 271.844 2019.0 4.0 27.0
190501.0 287.812 2019.0 5.0 1.0
190518.0 274.367 2019.0 5.0 18.0
190601.0 271.467 2019.0 6.0 1.0
190606.0 277.411 2019.0 6.0 6.0
190608.0 275.067 2019.0 6.0 8.0
190609.0 283.44 2019.0 6.0 9.0
190614.0 284.011 2019.0 6.0 14.0
190615.0 289.722 2019.0 6.0 15.0
190701.0 303.356 2019.0 7.0 1.0
190706.0 287.236 2019.0 7.0 6.0
190708.0 302.356 2019.0 7.0 8.0
190709.0 289.978 2019.0 7.0 9.0
190719.0 299.622 2019.0 7.0 19.0
190720.0 287.236 2019.0 7.0 20.0
190721.0 290.4 2019.0 7.0 21.0
190725.0 286.689 2019.0 7.0 25.0
190729.0 274.033 2019.0 7.0 29.0
190731.0 284.878 2019.0 7.0 31.0
190801.0 280.5 2019.0 8.0 1.0
190802.0 293.156 2019.0 8.0 2.0
190807.0 284.181 2019.0 8.0 7.0
190808.0 278.133 2019.0 8.0 8.0
190809.0 287.0 2019.0 8.0 9.0
190810.0 285.889 2019.0 8.0 10.0
190811.0 279.5 2019.0 8.0 11.0
190812.0 284.181 2019.0 8.0 12.0
190813.0 284.333 2019.0 8.0 13.0
190814.0 281.078 2019.0 8.0 14.0
190815.0 281.689 2019.0 8.0 15.0
190816.0 288.133 2019.0 8.0 16.0
190817.0 285.089 2019.0 8.0 17.0
190818.0 295.167 2019.0 8.0 18.0
190819.0 333.467 2019.0 8.0 19.0
190820.0 291.644 2019.0 8.0 20.0
190826.0 276.911 2019.0 8.0 26.0
190827.0 271.733 2019.0 8.0 27.0
190829.0 276.333 2019.0 8.0 29.0
191005.0 261.278 2019.0 10.0 5.0
191013.0 260.191 2019.0 10.0 13.0
191018.0 252.144 2019.0 10.0 18.0
191019.0 255.989 2019.0 10.0 19.0
191114.0 254.882 2019.0 11.0 14.0
191116.0 254.882 2019.0 11.0 16.0
191119.0 252.089 2019.0 11.0 19.0
191122.0 246.533 2019.0 11.0 22.0
191124.0 252.911 2019.0 11.0 24.0
191125.0 254.882 2019.0 11.0 25.0
191130.0 254.882 2019.0 11.0 30.0
191202.0 253.601 2019.0 12.0 2.0
191203.0 243.433 2019.0 12.0 3.0
191204.0 253.601 2019.0 12.0 4.0
191205.0 246.333 2019.0 12.0 5.0
191208.0 253.122 2019.0 12.0 8.0
191209.0 253.601 2019.0 12.0 9.0
191213.0 248.122 2019.0 12.0 13.0
191214.0 253.601 2019.0 12.0 14.0
191215.0 256.878 2019.0 12.0 15.0
191222.0 252.778 2019.0 12.0 22.0
191223.0 253.601 2019.0 12.0 23.0
191224.0 254.567 2019.0 12.0 24.0
191230.0 253.601 2019.0 12.0 30.0
200104.0 260.733 2020.0 1.0 4.0
200105.0 255.023 2020.0 1.0 5.0
200106.0 256.033 2020.0 1.0 6.0
200107.0 267.8 2020.0 1.0 7.0
200111.0 268.622 2020.0 1.0 11.0
200114.0 243.811 2020.0 1.0 14.0
200123.0 281.3 2020.0 1.0 23.0
200127.0 265.122 2020.0 1.0 27.0
200129.0 269.533 2020.0 1.0 29.0
200206.0 259.424 2020.0 2.0 6.0
200207.0 274.356 2020.0 2.0 7.0
200208.0 276.167 2020.0 2.0 8.0
200224.0 271.2 2020.0 2.0 24.0
200227.0 259.424 2020.0 2.0 27.0
200302.0 273.933 2020.0 3.0 2.0
200318.0 276.2 2020.0 3.0 18.0
200323.0 273.379 2020.0 3.0 23.0
200325.0 250.567 2020.0 3.0 25.0
200412.0 271.767 2020.0 4.0 12.0
200413.0 279.711 2020.0 4.0 13.0
201004.0 272.944 2020.0 10.0 4.0
201101.0 252.456 2020.0 11.0 1.0
201214.0 274.867 2020.0 12.0 14.0