600.000000	-0.031400 
599.000000	-0.031310 
598.000000	-0.031240 
597.000000	-0.031200 
596.000000	-0.031120 
595.000000	-0.031050 
594.000000	-0.031020 
593.000000	-0.030980 
592.000000	-0.030920 
591.000000	-0.030800 
590.000000	-0.030730 
589.000000	-0.030720 
588.000000	-0.030700 
587.000000	-0.030620 
586.000000	-0.030530 
585.000000	-0.030480 
584.000000	-0.030450 
583.000000	-0.030350 
582.000000	-0.030270 
581.000000	-0.030290 
580.000000	-0.030230 
579.000000	-0.030140 
578.000000	-0.030140 
577.000000	-0.030190 
576.000000	-0.030150 
575.000000	-0.030050 
574.000000	-0.030000 
573.000000	-0.030010 
572.000000	-0.030010 
571.000000	-0.030020 
570.000000	-0.030020 
569.000000	-0.029980 
568.000000	-0.029920 
567.000000	-0.029910 
566.000000	-0.029910 
565.000000	-0.029890 
564.000000	-0.029840 
563.000000	-0.029830 
562.000000	-0.029870 
561.000000	-0.029940 
560.000000	-0.030040 
559.000000	-0.030130 
558.000000	-0.030100 
557.000000	-0.030040 
556.000000	-0.030050 
555.000000	-0.030010 
554.000000	-0.029960 
553.000000	-0.029970 
552.000000	-0.029950 
551.000000	-0.029920 
550.000000	-0.029870 
549.000000	-0.029790 
548.000000	-0.029710 
547.000000	-0.029680 
546.000000	-0.029680 
545.000000	-0.029630 
544.000000	-0.029570 
543.000000	-0.029530 
542.000000	-0.029450 
541.000000	-0.029330 
540.000000	-0.029290 
539.000000	-0.029290 
538.000000	-0.029240 
537.000000	-0.029140 
536.000000	-0.029010 
535.000000	-0.028920 
534.000000	-0.028890 
533.000000	-0.028810 
532.000000	-0.028700 
531.000000	-0.028660 
530.000000	-0.028640 
529.000000	-0.028540 
528.000000	-0.028420 
527.000000	-0.028360 
526.000000	-0.028310 
525.000000	-0.028210 
524.000000	-0.028060 
523.000000	-0.027970 
522.000000	-0.027870 
521.000000	-0.027710 
520.000000	-0.027590 
519.000000	-0.027480 
518.000000	-0.027310 
517.000000	-0.027170 
516.000000	-0.027060 
515.000000	-0.026910 
514.000000	-0.026770 
513.000000	-0.026660 
512.000000	-0.026530 
511.000000	-0.026390 
510.000000	-0.026240 
509.000000	-0.026110 
508.000000	-0.026000 
507.000000	-0.025790 
506.000000	-0.025550 
505.000000	-0.025340 
504.000000	-0.025150 
503.000000	-0.025020 
502.000000	-0.024870 
501.000000	-0.024670 
500.000000	-0.024450 
499.000000	-0.024210 
498.000000	-0.023960 
497.000000	-0.023740 
496.000000	-0.023560 
495.000000	-0.023390 
494.000000	-0.023130 
493.000000	-0.022880 
492.000000	-0.022710 
491.000000	-0.022530 
490.000000	-0.022260 
489.000000	-0.022000 
488.000000	-0.021790 
487.000000	-0.021560 
486.000000	-0.021230 
485.000000	-0.020890 
484.000000	-0.020710 
483.000000	-0.020570 
482.000000	-0.020290 
481.000000	-0.019950 
480.000000	-0.019660 
479.000000	-0.019460 
478.000000	-0.019200 
477.000000	-0.018890 
476.000000	-0.018660 
475.000000	-0.018390 
474.000000	-0.018060 
473.000000	-0.017770 
472.000000	-0.017570 
471.000000	-0.017270 
470.000000	-0.016910 
469.000000	-0.016520 
468.000000	-0.016140 
467.000000	-0.015810 
466.000000	-0.015480 
465.000000	-0.015150 
464.000000	-0.014800 
463.000000	-0.014490 
462.000000	-0.014220 
461.000000	-0.013900 
460.000000	-0.013560 
459.000000	-0.013190 
458.000000	-0.012860 
457.000000	-0.012640 
456.000000	-0.012370 
455.000000	-0.012120 
454.000000	-0.011960 
453.000000	-0.011670 
452.000000	-0.011300 
451.000000	-0.011010 
450.000000	-0.010700 
449.000000	-0.010390 
448.000000	-0.010130 
447.000000	-0.009780 
446.000000	-0.009310 
445.000000	-0.008940 
444.000000	-0.008670 
443.000000	-0.008340 
442.000000	-0.007979 
441.000000	-0.007650 
440.000000	-0.007330 
439.000000	-0.007000 
438.000000	-0.006640 
437.000000	-0.006400 
436.000000	-0.006170 
435.000000	-0.005720 
434.000000	-0.005300 
433.000000	-0.005040 
432.000000	-0.004710 
431.000000	-0.004350 
430.000000	-0.004120 
429.000000	-0.003750 
428.000000	-0.003180 
427.000000	-0.002770 
426.000000	-0.002560 
425.000000	-0.002210 
424.000000	-0.001710 
423.000000	-0.001290 
422.000000	-0.000970 
421.000000	-0.000680 
420.000000	-0.000320 
419.000000	0.000240  
418.000000	0.000840  
417.000000	0.001380  
416.000000	0.001950  
415.000000	0.002530  
414.000000	0.003140  
413.000000	0.003760  
412.000000	0.004420  
411.000000	0.005040  
410.000000	0.005560  
409.000000	0.006010  
408.000000	0.006490  
407.000000	0.007150  
406.000000	0.007880  
405.000000	0.008420  
404.000000	0.008990  
403.000000	0.009870  
402.000000	0.010680  
401.000000	0.011240  
400.000000	0.011850  
399.000000	0.012630  
398.000000	0.013470  
397.000000	0.014400  
396.000000	0.015250  
395.000000	0.016040  
394.000000	0.017000  
393.000000	0.017990  
392.000000	0.018890  
391.000000	0.019800  
390.000000	0.020690  
389.000000	0.021540  
388.000000	0.022610  
387.000000	0.023810  
386.000000	0.024800  
385.000000	0.025770  
384.000000	0.027450  
383.000000	0.029650  
382.000000	0.030830  
381.000000	0.031770  
380.000000	0.033170  
379.000000	0.034390  
378.000000	0.035720  
377.000000	0.036950  
376.000000	0.037940  
375.000000	0.038960  
374.000000	0.040050  
373.000000	0.041300  
372.000000	0.042440  
371.000000	0.043400  
370.000000	0.044500  
369.000000	0.045700  
368.000000	0.046790  
367.000000	0.047770  
366.000000	0.049010  
365.000000	0.050480  
364.000000	0.051770  
363.000000	0.053050  
362.000000	0.054490  
361.000000	0.055810  
360.000000	0.057070  
359.000000	0.058580  
358.000000	0.060020  
357.000000	0.061180  
356.000000	0.062340  
355.000000	0.063820  
354.000000	0.065470  
353.000000	0.067070  
352.000000	0.068560  
351.000000	0.070080  
350.000000	0.071710  
349.000000	0.073390  
348.000000	0.075259  
347.000000	0.077250  
346.000000	0.079350  
345.000000	0.081430  
344.000000	0.082970  
343.000000	0.084370  
342.000000	0.086340  
341.000000	0.088750  
340.000000	0.090930  
339.000000	0.092810  
338.000000	0.094909  
337.000000	0.096809  
336.000000	0.098840  
335.000000	0.101450  
334.000000	0.103700  
333.000000	0.105730  
332.000000	0.107710  
331.000000	0.109760  
330.000000	0.112060  
329.000000	0.114310  
328.000000	0.116530  
327.000000	0.117740  
326.000000	0.118560  
325.000000	0.120840  
324.000000	0.123750  
323.000000	0.126350  
322.000000	0.128800  
321.000000	0.131280  
320.000000	0.133800  
319.000000	0.136340  
318.000000	0.138800  
317.000000	0.140910  
316.000000	0.142990  
315.000000	0.145410  
314.000000	0.148050  
313.000000	0.150770  
312.000000	0.153550  
311.000000	0.156570  
310.000000	0.159580  
309.000000	0.162230  
308.000000	0.164850  
307.000000	0.167570  
306.000000	0.170050  
305.000000	0.172230  
304.000000	0.174420  
303.000000	0.176770  
302.000000	0.179210  
301.000000	0.181600  
300.000000	0.183780  
299.000000	0.185740  
298.000000	0.187570  
297.000000	0.189370  
296.000000	0.191350  
295.000000	0.193490  
294.000000	0.195440  
293.000000	0.197350  
292.000000	0.199500  
291.000000	0.201860  
290.000000	0.204440  
289.000000	0.207220  
288.000000	0.209930  
287.000000	0.212430  
286.000000	0.215060  
285.000000	0.217960  
284.000000	0.220960  
283.000000	0.224330  
282.000000	0.228150  
281.000000	0.232080  
280.000000	0.235970  
279.000000	0.240120  
278.000000	0.244830  
277.000000	0.250310  
276.000000	0.256230  
275.000000	0.262110  
274.000000	0.267980  
273.000000	0.274620  
272.000000	0.282340  
271.000000	0.290860  
270.000000	0.299420  
269.000000	0.307970  
268.000000	0.317210  
267.000000	0.326720  
266.000000	0.336130  
265.000000	0.346120  
264.000000	0.356770  
263.000000	0.368010  
262.000000	0.379230  
261.000000	0.389960  
260.000000	0.400780  
259.000000	0.411450  
258.000000	0.421700  
257.000000	0.431650  
256.000000	0.440660  
255.000000	0.449280  
254.000000	0.459180  
253.000000	0.467080  
252.000000	0.476740  
251.000000	0.523440  
250.000000	0.603480  
249.000000	0.648090  
248.000000	0.671730  
247.000000	0.705520  
246.000000	0.714369  
245.000000	0.696219  
244.000000	0.679990  
243.000000	0.704380  
242.000000	0.732190  
241.000000	0.753940  
240.000000	0.774960  
239.000000	0.776400  
238.000000	0.830700  
237.000000	0.862780  
236.000000	0.852880  
235.000000	0.934040  
234.000000	1.010830  
233.000000	0.949280  
232.000000	0.872010  
231.000000	0.895170  
230.000000	0.939370  
229.000000	0.970100  
228.000000	0.945880  
227.000000	0.874460  
226.000000	0.869920  
225.000000	0.897429  
224.000000	0.919970  
223.000000	0.911740  
222.000000	0.861760  
221.000000	0.888190  
220.000000	0.948000  
219.000000	0.969870  
218.000000	1.063580  
217.000000	1.057420  
216.000000	0.899970  
215.000000	0.832140  
214.000000	0.793160  
213.000000	0.829010  
212.000000	1.042730  
211.000000	1.067570  
210.000000	0.953970  
209.000000	0.948320  
208.000000	0.909890  
207.000000	0.891790  
206.000000	0.901650  
205.000000	0.879060  
204.000000	0.887120  
203.000000	0.898560  
202.000000	0.839060  
201.000000	0.835090  
200.000000	0.938850  