600.000000	-0.059930 
599.000000	-0.060080 
598.000000	-0.060200 
597.000000	-0.060310 
596.000000	-0.060420 
595.000000	-0.060590 
594.000000	-0.060820 
593.000000	-0.061050 
592.000000	-0.061190 
591.000000	-0.061250 
590.000000	-0.061360 
589.000000	-0.061520 
588.000000	-0.061650 
587.000000	-0.061770 
586.000000	-0.061910 
585.000000	-0.062010 
584.000000	-0.062090 
583.000000	-0.062150 
582.000000	-0.062220 
581.000000	-0.062340 
580.000000	-0.062470 
579.000000	-0.062630 
578.000000	-0.062860 
577.000000	-0.063049 
576.000000	-0.063180 
575.000000	-0.063229 
574.000000	-0.063280 
573.000000	-0.063460 
572.000000	-0.063630 
571.000000	-0.063710 
570.000000	-0.063780 
569.000000	-0.063830 
568.000000	-0.063870 
567.000000	-0.063960 
566.000000	-0.064080 
565.000000	-0.064290 
564.000000	-0.064470 
563.000000	-0.064550 
562.000000	-0.064640 
561.000000	-0.064870 
560.000000	-0.065250 
559.000000	-0.065470 
558.000000	-0.065390 
557.000000	-0.065280 
556.000000	-0.065310 
555.000000	-0.065430 
554.000000	-0.065590 
553.000000	-0.065730 
552.000000	-0.065820 
551.000000	-0.065890 
550.000000	-0.065930 
549.000000	-0.065980 
548.000000	-0.066059 
547.000000	-0.066140 
546.000000	-0.066199 
545.000000	-0.066290 
544.000000	-0.066410 
543.000000	-0.066440 
542.000000	-0.066430 
541.000000	-0.066430 
540.000000	-0.066480 
539.000000	-0.066559 
538.000000	-0.066559 
537.000000	-0.066530 
536.000000	-0.066530 
535.000000	-0.066550 
534.000000	-0.066590 
533.000000	-0.066610 
532.000000	-0.066590 
531.000000	-0.066590 
530.000000	-0.066600 
529.000000	-0.066559 
528.000000	-0.066530 
527.000000	-0.066510 
526.000000	-0.066450 
525.000000	-0.066379 
524.000000	-0.066340 
523.000000	-0.066300 
522.000000	-0.066230 
521.000000	-0.066170 
520.000000	-0.066110 
519.000000	-0.066000 
518.000000	-0.065900 
517.000000	-0.065830 
516.000000	-0.065740 
515.000000	-0.065590 
514.000000	-0.065519 
513.000000	-0.065540 
512.000000	-0.065540 
511.000000	-0.065500 
510.000000	-0.065500 
509.000000	-0.065559 
508.000000	-0.065600 
507.000000	-0.065490 
506.000000	-0.065340 
505.000000	-0.065260 
504.000000	-0.065210 
503.000000	-0.065140 
502.000000	-0.065000 
501.000000	-0.064879 
500.000000	-0.064870 
499.000000	-0.064839 
498.000000	-0.064780 
497.000000	-0.064750 
496.000000	-0.064730 
495.000000	-0.064750 
494.000000	-0.064730 
493.000000	-0.064600 
492.000000	-0.064530 
491.000000	-0.064550 
490.000000	-0.064530 
489.000000	-0.064519 
488.000000	-0.064510 
487.000000	-0.064440 
486.000000	-0.064290 
485.000000	-0.064110 
484.000000	-0.064040 
483.000000	-0.063980 
482.000000	-0.063820 
481.000000	-0.063659 
480.000000	-0.063560 
479.000000	-0.063490 
478.000000	-0.063360 
477.000000	-0.063260 
476.000000	-0.063250 
475.000000	-0.063200 
474.000000	-0.063080 
473.000000	-0.062920 
472.000000	-0.062820 
471.000000	-0.062740 
470.000000	-0.062610 
469.000000	-0.062470 
468.000000	-0.062350 
467.000000	-0.062270 
466.000000	-0.062180 
465.000000	-0.062080 
464.000000	-0.061960 
463.000000	-0.061830 
462.000000	-0.061650 
461.000000	-0.061570 
460.000000	-0.061480 
459.000000	-0.061230 
458.000000	-0.061040 
457.000000	-0.060940 
456.000000	-0.060820 
455.000000	-0.060660 
454.000000	-0.060430 
453.000000	-0.060250 
452.000000	-0.060110 
451.000000	-0.059870 
450.000000	-0.059560 
449.000000	-0.059340 
448.000000	-0.059160 
447.000000	-0.058870 
446.000000	-0.058500 
445.000000	-0.058200 
444.000000	-0.058060 
443.000000	-0.057950 
442.000000	-0.057750 
441.000000	-0.057450 
440.000000	-0.057180 
439.000000	-0.057040 
438.000000	-0.056880 
437.000000	-0.056700 
436.000000	-0.056480 
435.000000	-0.056230 
434.000000	-0.056000 
433.000000	-0.055740 
432.000000	-0.055490 
431.000000	-0.055290 
430.000000	-0.055070 
429.000000	-0.054720 
428.000000	-0.054230 
427.000000	-0.053870 
426.000000	-0.053740 
425.000000	-0.053430 
424.000000	-0.053020 
423.000000	-0.052780 
422.000000	-0.052500 
421.000000	-0.052230 
420.000000	-0.052040 
419.000000	-0.051710 
418.000000	-0.051350 
417.000000	-0.051010 
416.000000	-0.050620 
415.000000	-0.050300 
414.000000	-0.049990 
413.000000	-0.049560 
412.000000	-0.049050 
411.000000	-0.048560 
410.000000	-0.048100 
409.000000	-0.047640 
408.000000	-0.047130 
407.000000	-0.046580 
406.000000	-0.046000 
405.000000	-0.045530 
404.000000	-0.045010 
403.000000	-0.044270 
402.000000	-0.043640 
401.000000	-0.043230 
400.000000	-0.042830 
399.000000	-0.042200 
398.000000	-0.041460 
397.000000	-0.040810 
396.000000	-0.040240 
395.000000	-0.039640 
394.000000	-0.039020 
393.000000	-0.038330 
392.000000	-0.037560 
391.000000	-0.036820 
390.000000	-0.036210 
389.000000	-0.035640 
388.000000	-0.034900 
387.000000	-0.034040 
386.000000	-0.033270 
385.000000	-0.032650 
384.000000	-0.031420 
383.000000	-0.029450 
382.000000	-0.028200 
381.000000	-0.027300 
380.000000	-0.026180 
379.000000	-0.025640 
378.000000	-0.025090 
377.000000	-0.024020 
376.000000	-0.022900 
375.000000	-0.021930 
374.000000	-0.021190 
373.000000	-0.020430 
372.000000	-0.019450 
371.000000	-0.018470 
370.000000	-0.017570 
369.000000	-0.016610 
368.000000	-0.015690 
367.000000	-0.014780 
366.000000	-0.013800 
365.000000	-0.012820 
364.000000	-0.011850 
363.000000	-0.010700 
362.000000	-0.009530 
361.000000	-0.008580 
360.000000	-0.007660 
359.000000	-0.006560 
358.000000	-0.005370 
357.000000	-0.004130 
356.000000	-0.003060 
355.000000	-0.002170 
354.000000	-0.000910 
353.000000	0.000580  
352.000000	0.001860  
351.000000	0.003080  
350.000000	0.004310  
349.000000	0.005770  
348.000000	0.007520  
347.000000	0.008940  
346.000000	0.010240  
345.000000	0.011880  
344.000000	0.013550  
343.000000	0.015240  
342.000000	0.016840  
341.000000	0.018410  
340.000000	0.020310  
339.000000	0.022450  
338.000000	0.024560  
337.000000	0.026380  
336.000000	0.028380  
335.000000	0.031020  
334.000000	0.033560  
333.000000	0.035400  
332.000000	0.037120  
331.000000	0.039580  
330.000000	0.042260  
329.000000	0.044420  
328.000000	0.046630  
327.000000	0.048790  
326.000000	0.050810  
325.000000	0.053320  
324.000000	0.056140  
323.000000	0.058790  
322.000000	0.061260  
321.000000	0.063690  
320.000000	0.066040  
319.000000	0.068529  
318.000000	0.071120  
317.000000	0.073450  
316.000000	0.075630  
315.000000	0.077930  
314.000000	0.080420  
313.000000	0.082940  
312.000000	0.085300  
311.000000	0.087740  
310.000000	0.090430  
309.000000	0.093030  
308.000000	0.095490  
307.000000	0.097950  
306.000000	0.100150  
305.000000	0.102140  
304.000000	0.104040  
303.000000	0.105690  
302.000000	0.107470  
301.000000	0.109430  
300.000000	0.111250  
299.000000	0.112800  
298.000000	0.114180  
297.000000	0.115810  
296.000000	0.117590  
295.000000	0.119410  
294.000000	0.121210  
293.000000	0.122860  
292.000000	0.124560  
291.000000	0.126430  
290.000000	0.128400  
289.000000	0.130430  
288.000000	0.132490  
287.000000	0.134720  
286.000000	0.137230  
285.000000	0.139930  
284.000000	0.142710  
283.000000	0.145880  
282.000000	0.149640  
281.000000	0.153680  
280.000000	0.157840  
279.000000	0.162460  
278.000000	0.167510  
277.000000	0.173030  
276.000000	0.179040  
275.000000	0.185290  
274.000000	0.191860  
273.000000	0.199040  
272.000000	0.206990  
271.000000	0.216010  
270.000000	0.225270  
269.000000	0.234550  
268.000000	0.244600  
267.000000	0.255140  
266.000000	0.265680  
265.000000	0.276800  
264.000000	0.288370  
263.000000	0.299740  
262.000000	0.311010  
261.000000	0.322740  
260.000000	0.335090  
259.000000	0.347280  
258.000000	0.358910  
257.000000	0.370630  
256.000000	0.382540  
255.000000	0.394000  
254.000000	0.405000  
253.000000	0.416690  
252.000000	0.435470  
251.000000	0.475040  
250.000000	0.513850  
249.000000	0.535860  
248.000000	0.583850  
247.000000	0.637950  
246.000000	0.640720  
245.000000	0.628160  
244.000000	0.639730  
243.000000	0.615590  
242.000000	0.565470  
241.000000	0.580099  
240.000000	0.631050  
239.000000	0.674820  
238.000000	0.733220  
237.000000	0.752510  
236.000000	0.746080  
235.000000	0.824830  
234.000000	0.906580  
233.000000	0.878380  
232.000000	0.827990  
231.000000	0.824900  
230.000000	0.848690  
229.000000	0.874350  
228.000000	0.831770  
227.000000	0.747290  
226.000000	0.724340  
225.000000	0.764440  
224.000000	0.792350  
223.000000	0.777000  
222.000000	0.822070  
221.000000	0.913359  
220.000000	0.912240  
219.000000	0.848020  
218.000000	0.866700  
217.000000	0.907150  
216.000000	0.849920  
215.000000	0.806890  
214.000000	0.778320  
213.000000	0.786780  
212.000000	0.956530  
211.000000	1.041380  
210.000000	0.962510  
209.000000	0.800120  
208.000000	0.652580  
207.000000	0.687680  
206.000000	0.725730  
205.000000	0.725910  
204.000000	0.835390  
203.000000	0.942750  
202.000000	0.791530  
201.000000	0.600079  
200.000000	0.752860  