600.000000	-0.024110 
599.000000	-0.023830 	
598.000000	-0.023480 
597.000000	-0.023060 
596.000000	-0.022640 
595.000000	-0.022240 
594.000000	-0.021780 
593.000000	-0.021220 
592.000000	-0.020600 
591.000000	-0.020070 
590.000000	-0.019370 
589.000000	-0.018580 
588.000000	-0.017830 
587.000000	-0.017100 
586.000000	-0.016390 
585.000000	-0.015610 
584.000000	-0.014820 
583.000000	-0.014150 
582.000000	-0.013440 
581.000000	-0.012650 
580.000000	-0.012060 
579.000000	-0.011500 
578.000000	-0.010980 
577.000000	-0.010380 
576.000000	-0.009870 
575.000000	-0.009469 
574.000000	-0.009039 
573.000000	-0.008630 
572.000000	-0.008220 
571.000000	-0.007939 
570.000000	-0.007590 
569.000000	-0.007230 
568.000000	-0.007060 
567.000000	-0.006810 
566.000000	-0.006480 
565.000000	-0.006230 
564.000000	-0.006060 
563.000000	-0.005850 
562.000000	-0.005610 
561.000000	-0.005120 
560.000000	-0.004410 
559.000000	-0.004810 
558.000000	-0.004500 
557.000000	-0.004200 
556.000000	-0.004000 
555.000000	-0.003740 
554.000000	-0.003520 
553.000000	-0.003300 
552.000000	-0.003070 
551.000000	-0.002760 
550.000000	-0.002410 
549.000000	-0.002180 
548.000000	-0.002040 
547.000000	-0.001750 
546.000000	-0.001420 
545.000000	-0.001170 
544.000000	-0.000850 
543.000000	-0.000490 
542.000000	-0.000110 
541.000000	0.000290  
540.000000	0.000670  
539.000000	0.001150  
538.000000	0.001580  
537.000000	0.001980  
536.000000	0.002400  
535.000000	0.002870  
534.000000	0.003300  
533.000000	0.003680  
532.000000	0.004160  
531.000000	0.004550  
530.000000	0.005140  
529.000000	0.005660  
528.000000	0.006090  
527.000000	0.006550  
526.000000	0.007080  
525.000000	0.007530  
524.000000	0.007880  
523.000000	0.008370  
522.000000	0.008890  
521.000000	0.009370  
520.000000	0.009900  
519.000000	0.010450  
518.000000	0.011060  
517.000000	0.011560  
516.000000	0.012080  
515.000000	0.012570  
514.000000	0.013130  
513.000000	0.013680  
512.000000	0.014110  
511.000000	0.014660  
510.000000	0.015300  
509.000000	0.015890  
508.000000	0.016440  
507.000000	0.017010  
506.000000	0.017630  
505.000000	0.018190  
504.000000	0.018740  
503.000000	0.019440  
502.000000	0.020090  
501.000000	0.020640  
500.000000	0.021300  
499.000000	0.021990  
498.000000	0.022670  
497.000000	0.023340  
496.000000	0.023850  
495.000000	0.024550  
494.000000	0.025230  
493.000000	0.025830  
492.000000	0.026590  
491.000000	0.027210  
490.000000	0.027960  
489.000000	0.028680  
488.000000	0.029260  
487.000000	0.030090  
486.000000	0.030900  
485.000000	0.031670  
484.000000	0.032350  
483.000000	0.033250  
482.000000	0.034120  
481.000000	0.034880  
480.000000	0.035730  
479.000000	0.036620  
478.000000	0.037560  
477.000000	0.038460  
476.000000	0.039260  
475.000000	0.040250  
474.000000	0.041210  
473.000000	0.042190  
472.000000	0.043200  
471.000000	0.044370  
470.000000	0.045510  
469.000000	0.046550  
468.000000	0.047590  
467.000000	0.048680  
466.000000	0.049690  
465.000000	0.050620  
464.000000	0.051660  
463.000000	0.052820  
462.000000	0.053870  
461.000000	0.054870  
460.000000	0.055980  
459.000000	0.057170  
458.000000	0.058190  
457.000000	0.059270  
456.000000	0.060360  
455.000000	0.061580  
454.000000	0.062729  
453.000000	0.064040  
452.000000	0.065350  
451.000000	0.066629  
450.000000	0.068000  
449.000000	0.069410  
448.000000	0.070900  
447.000000	0.072550  
446.000000	0.074020  
445.000000	0.075480  
444.000000	0.077140  
443.000000	0.078920  
442.000000	0.080410  
441.000000	0.082000  
440.000000	0.083700  
439.000000	0.085240  
438.000000	0.086720  
437.000000	0.088260  
436.000000	0.089789  
435.000000	0.091470  
434.000000	0.092910  
433.000000	0.094400  
432.000000	0.096019  
431.000000	0.097559  
430.000000	0.099090  
429.000000	0.100590  
428.000000	0.102190  
427.000000	0.103830  
426.000000	0.105420  
425.000000	0.107020  
424.000000	0.108790  
423.000000	0.110480  
422.000000	0.112440  
421.000000	0.113980  
420.000000	0.115140  
419.000000	0.116790  
418.000000	0.118490  
417.000000	0.120370  
416.000000	0.122280  
415.000000	0.124120  
414.000000	0.125820  
413.000000	0.127770  
412.000000	0.130080  
411.000000	0.132000  
410.000000	0.133930  
409.000000	0.135960  
408.000000	0.138180  
407.000000	0.140060  
406.000000	0.142240  
405.000000	0.144330  
404.000000	0.146600  
403.000000	0.148750  
402.000000	0.150890  
401.000000	0.153210  
400.000000	0.155490  
399.000000	0.157640  
398.000000	0.159990  
397.000000	0.162360  
396.000000	0.164890  
395.000000	0.167170  
394.000000	0.169640  
393.000000	0.172170  
392.000000	0.174660  
391.000000	0.177120  
390.000000	0.179530  
389.000000	0.182090  
388.000000	0.184870  
387.000000	0.187310  
386.000000	0.189730  
385.000000	0.192420  
384.000000	0.195900  
383.000000	0.200320  
382.000000	0.202880  
381.000000	0.204560  
380.000000	0.207440  
379.000000	0.210850  
378.000000	0.213990  
377.000000	0.216480  
376.000000	0.219880  
375.000000	0.222350  
374.000000	0.224890  
373.000000	0.227780  
372.000000	0.229870  
371.000000	0.233720  
370.000000	0.236190  
369.000000	0.238960  
368.000000	0.242170  
367.000000	0.245410  
366.000000	0.248060  
365.000000	0.250750  
364.000000	0.254550  
363.000000	0.256820  
362.000000	0.259890  
361.000000	0.263210  
360.000000	0.265750  
359.000000	0.268730  
358.000000	0.271420  
357.000000	0.274480  
356.000000	0.277830  
355.000000	0.280590  
354.000000	0.283920  
353.000000	0.286790  
352.000000	0.289640  
351.000000	0.293620  
350.000000	0.297460  
349.000000	0.300820  
348.000000	0.304040  
347.000000	0.307700  
346.000000	0.311360  
345.000000	0.315120  
344.000000	0.318880  
343.000000	0.322310  
342.000000	0.326370  
341.000000	0.330820  
340.000000	0.334620  
339.000000	0.338510  
338.000000	0.342110  
337.000000	0.345970  
336.000000	0.350720  
335.000000	0.354160  
334.000000	0.358360  
333.000000	0.363610  
332.000000	0.365880  
331.000000	0.371430  
330.000000	0.375470  
329.000000	0.378620  
328.000000	0.383360  
327.000000	0.387240  
326.000000	0.384410  
325.000000	0.388390  
324.000000	0.391930  
323.000000	0.395010  
322.000000	0.398790  
321.000000	0.401750  
320.000000	0.405220  
319.000000	0.408160  
318.000000	0.410820  
317.000000	0.413800  
316.000000	0.416370  
315.000000	0.419010  
314.000000	0.421100  
313.000000	0.423420  
312.000000	0.425300  
311.000000	0.427370  
310.000000	0.428970  
309.000000	0.430030  
308.000000	0.430990  
307.000000	0.431560  
306.000000	0.431800  
305.000000	0.431660  
304.000000	0.431390  
303.000000	0.430390  
302.000000	0.428820  
301.000000	0.427120  
300.000000	0.424610  
299.000000	0.421820  
298.000000	0.418940  
297.000000	0.415700  
296.000000	0.411680  
295.000000	0.407470  
294.000000	0.403100  
293.000000	0.398630  
292.000000	0.393990  
291.000000	0.388010  
290.000000	0.382640  
289.000000	0.376390  
288.000000	0.370150  
287.000000	0.363840  
286.000000	0.357520  
285.000000	0.351780  
284.000000	0.345370  
283.000000	0.338600  
282.000000	0.331900  
281.000000	0.325300  
280.000000	0.319140  
279.000000	0.311310  
278.000000	0.304170  
277.000000	0.296190  
276.000000	0.287620  
275.000000	0.278030  
274.000000	0.268070  
273.000000	0.257680  
272.000000	0.245980  
271.000000	0.233870  
270.000000	0.220280  
269.000000	0.204860  
268.000000	0.188310  
267.000000	0.169400  
266.000000	0.148750  
265.000000	0.125640  
264.000000	0.099500  
263.000000	0.069060  
262.000000	0.035310  
261.000000	-0.002380 
260.000000	-0.045670 
259.000000	-0.096940 
258.000000	-0.158260 
257.000000	-0.234630 
256.000000	-0.331230 
255.000000	-0.458150 
254.000000	-0.624140 
253.000000	-0.843210 
252.000000	-1.127830 
251.000000	-1.467280 
250.000000	-1.778640 
249.000000	-1.991980 
248.000000	-2.068230 
247.000000	-2.137650 
246.000000	-2.137730 
245.000000	-2.170240 
244.000000	-2.178620 
243.000000	-2.196790 
242.000000	-2.176290 
241.000000	-2.183860 
240.000000	-2.157800 
239.000000	-2.150610 
238.000000	-2.185360 
237.000000	-2.229810 
236.000000	-2.288690 
235.000000	-2.202730 
234.000000	-2.201620 
233.000000	-2.191500 
232.000000	-2.112150 
231.000000	-2.063870 
230.000000	-2.113820 
229.000000	-2.141040 
228.000000	-2.136410 
227.000000	-2.205740 
226.000000	-2.251590 
225.000000	-2.243700 
224.000000	-2.253400 
223.000000	-2.227810 
222.000000	-2.187730 
221.000000	-2.119560 
220.000000	-2.115110 
219.000000	-2.184520 
218.000000	-2.189550 
217.000000	-2.177210 
216.000000	-2.190680 
215.000000	-2.218460 
214.000000	-2.236040 
213.000000	-2.320960 
212.000000	-2.289140 
211.000000	-2.236340 
210.000000	-2.204950 
209.000000	-2.225690 
208.000000	-2.245530 
207.000000	-2.119050 
206.000000	-2.207750 
205.000000	-2.226660 
204.000000	-2.151420 
203.000000	-2.177980 
202.000000	-2.234250 
201.000000	-2.238270 
200.000000	-2.075690