600.000000	0.077000  
599.000000	0.077560  
598.000000	0.078190  
597.000000	0.078860  
596.000000	0.079580  
595.000000	0.080339  
594.000000	0.081150  
593.000000	0.081980  
592.000000	0.082840  
591.000000	0.083820  
590.000000	0.084880  
589.000000	0.085840  
588.000000	0.086749  
587.000000	0.087840  
586.000000	0.088940  
585.000000	0.089969  
584.000000	0.091009  
583.000000	0.092110  
582.000000	0.093210  
581.000000	0.094200  
580.000000	0.095140  
579.000000	0.095960  
578.000000	0.096870  
577.000000	0.097730  
576.000000	0.098510  
575.000000	0.099330  
574.000000	0.100030  
573.000000	0.100680  
572.000000	0.101400  
571.000000	0.102120  
570.000000	0.102830  
569.000000	0.103500  
568.000000	0.104120  
567.000000	0.104740  
566.000000	0.105350  
565.000000	0.105930  
564.000000	0.106550  
563.000000	0.107150  
562.000000	0.107730  
561.000000	0.108360  
560.000000	0.109380  
559.000000	0.109320  
558.000000	0.109930  
557.000000	0.110560  
556.000000	0.111160  
555.000000	0.111840  
554.000000	0.112470  
553.000000	0.113080  
552.000000	0.113710  
551.000000	0.114430  
550.000000	0.115050  
549.000000	0.115730  
548.000000	0.116390  
547.000000	0.117080  
546.000000	0.117770  
545.000000	0.118430  
544.000000	0.119270  
543.000000	0.120100  
542.000000	0.120890  
541.000000	0.121750  
540.000000	0.122570  
539.000000	0.123460  
538.000000	0.124280  
537.000000	0.125210  
536.000000	0.126150  
535.000000	0.127090  
534.000000	0.128010  
533.000000	0.128850  
532.000000	0.129780  
531.000000	0.130750  
530.000000	0.131740  
529.000000	0.132590  
528.000000	0.133610  
527.000000	0.134630  
526.000000	0.135570  
525.000000	0.136530  
524.000000	0.137600  
523.000000	0.138600  
522.000000	0.139500  
521.000000	0.140470  
520.000000	0.141510  
519.000000	0.142490  
518.000000	0.143560  
517.000000	0.144690  
516.000000	0.145760  
515.000000	0.146880  
514.000000	0.147890  
513.000000	0.148880  
512.000000	0.149990  
511.000000	0.151110  
510.000000	0.152160  
509.000000	0.153260  
508.000000	0.154470  
507.000000	0.155550  
506.000000	0.156750  
505.000000	0.157930  
504.000000	0.159060  
503.000000	0.160240  
502.000000	0.161370  
501.000000	0.162580  
500.000000	0.163930  
499.000000	0.165130  
498.000000	0.166320  
497.000000	0.167610  
496.000000	0.168900  
495.000000	0.170140  
494.000000	0.171400  
493.000000	0.172680  
492.000000	0.173980  
491.000000	0.175230  
490.000000	0.176510  
489.000000	0.177740  
488.000000	0.179170  
487.000000	0.180470  
486.000000	0.181770  
485.000000	0.183160  
484.000000	0.184750  
483.000000	0.186080  
482.000000	0.187410  
481.000000	0.188880  
480.000000	0.190370  
479.000000	0.191810  
478.000000	0.193410  
477.000000	0.194860  
476.000000	0.196500  
475.000000	0.198160  
474.000000	0.199800  
473.000000	0.201420  
472.000000	0.203100  
471.000000	0.204710  
470.000000	0.206310  
469.000000	0.208070  
468.000000	0.209800  
467.000000	0.211380  
466.000000	0.213050  
465.000000	0.214810  
464.000000	0.216500  
463.000000	0.218270  
462.000000	0.220050  
461.000000	0.221960  
460.000000	0.223700  
459.000000	0.225420  
458.000000	0.227260  
457.000000	0.229170  
456.000000	0.231170  
455.000000	0.233060  
454.000000	0.234950  
453.000000	0.237000  
452.000000	0.239090  
451.000000	0.240920  
450.000000	0.243190  
449.000000	0.245560  
448.000000	0.247780  
447.000000	0.249910  
446.000000	0.252380  
445.000000	0.254780  
444.000000	0.256930  
443.000000	0.259340  
442.000000	0.261850  
441.000000	0.264300  
440.000000	0.266670  
439.000000	0.268970  
438.000000	0.271400  
437.000000	0.273840  
436.000000	0.276090  
435.000000	0.278510  
434.000000	0.280960  
433.000000	0.283530  
432.000000	0.285920  
431.000000	0.288220  
430.000000	0.290690  
429.000000	0.293360  
428.000000	0.295770  
427.000000	0.298210  
426.000000	0.300800  
425.000000	0.303290  
424.000000	0.305920  
423.000000	0.308470  
422.000000	0.311390  
421.000000	0.312740  
420.000000	0.313420  
419.000000	0.316000  
418.000000	0.318680  
417.000000	0.321370  
416.000000	0.324090  
415.000000	0.327010  
414.000000	0.329960  
413.000000	0.332910  
412.000000	0.335620  
411.000000	0.338550  
410.000000	0.341750  
409.000000	0.344840  
408.000000	0.347700  
407.000000	0.350780  
406.000000	0.354250  
405.000000	0.357480  
404.000000	0.360530  
403.000000	0.364020  
402.000000	0.367420  
401.000000	0.370600  
400.000000	0.373880  
399.000000	0.377310  
398.000000	0.380960  
397.000000	0.384360  
396.000000	0.387710  
395.000000	0.391200  
394.000000	0.395000  
393.000000	0.398660  
392.000000	0.402180  
391.000000	0.405790  
390.000000	0.409520  
389.000000	0.413110  
388.000000	0.416760  
387.000000	0.420560  
386.000000	0.424310  
385.000000	0.428080  
384.000000	0.432700  
383.000000	0.486130  
382.000000	0.504710  
381.000000	0.499680  
380.000000	0.497410  
379.000000	0.496380  
378.000000	0.496630  
377.000000	0.498000  
376.000000	0.500470  
375.000000	0.501610  
374.000000	0.504690  
373.000000	0.508300  
372.000000	0.510920  
371.000000	0.515550  
370.000000	0.519440  
369.000000	0.522750  
368.000000	0.528350  
367.000000	0.532580  
366.000000	0.537340  
365.000000	0.541450  
364.000000	0.546880  
363.000000	0.550300  
362.000000	0.555300  
361.000000	0.560300  
360.000000	0.564350  
359.000000	0.569850  
358.000000	0.575489  
357.000000	0.580750  
356.000000	0.586400  
355.000000	0.592150  
354.000000	0.598520  
353.000000	0.604519  
352.000000	0.610340  
351.000000	0.617900  
350.000000	0.624850  
349.000000	0.632570  
348.000000	0.639460  
347.000000	0.646320  
346.000000	0.654540  
345.000000	0.663010  
344.000000	0.670420  
343.000000	0.679140  
342.000000	0.687660  
341.000000	0.697570  
340.000000	0.707650  
339.000000	0.717110  
338.000000	0.727860  
337.000000	0.736440  
336.000000	0.749660  
335.000000	0.760530  
334.000000	0.771039  
333.000000	0.781710  
332.000000	0.794700  
331.000000	0.808040  
330.000000	0.823520  
329.000000	0.837040  
328.000000	0.861870  
327.000000	0.836640  
326.000000	0.730860  
325.000000	0.734310  
324.000000	0.739140  
323.000000	0.745000  
322.000000	0.750270  
321.000000	0.754760  
320.000000	0.759800  
319.000000	0.763500  
318.000000	0.768530  
317.000000	0.773320  
316.000000	0.776580  
315.000000	0.781690  
314.000000	0.784940  
313.000000	0.788900  
312.000000	0.792930  
311.000000	0.796620  
310.000000	0.800550  
309.000000	0.803250  
308.000000	0.805740  
307.000000	0.808490  
306.000000	0.810339  
305.000000	0.811630  
304.000000	0.812690  
303.000000	0.813600  
302.000000	0.815360  
301.000000	0.815840  
300.000000	0.815180  
299.000000	0.814860  
298.000000	0.813490  
297.000000	0.812520  
296.000000	0.809729  
295.000000	0.808350  
294.000000	0.806650  
293.000000	0.804520  
292.000000	0.801370  
291.000000	0.798200  
290.000000	0.795060  
289.000000	0.791570  
288.000000	0.787200  
287.000000	0.784440  
286.000000	0.779770  
285.000000	0.775130  
284.000000	0.771060  
283.000000	0.768540  
282.000000	0.764020  
281.000000	0.759020  
280.000000	0.755530  
279.000000	0.750360  
278.000000	0.745740  
277.000000	0.740210  
276.000000	0.734630  
275.000000	0.729600  
274.000000	0.723170  
273.000000	0.714260  
272.000000	0.706090  
271.000000	0.695960  
270.000000	0.685300  
269.000000	0.672640  
268.000000	0.658720  
267.000000	0.642670  
266.000000	0.624570  
265.000000	0.603519  
264.000000	0.580630  
263.000000	0.553400  
262.000000	0.522140  
261.000000	0.485380  
260.000000	0.442220  
259.000000	0.392280  
258.000000	0.326930  
257.000000	0.245090  
256.000000	0.137260  
255.000000	-0.015000 
254.000000	-0.238760 
253.000000	-0.632939 
252.000000	6.000000  
251.000000	6.000000  
250.000000	6.000000  
249.000000	6.000000  
248.000000	6.000000  
247.000000	6.000000  
246.000000	6.000000  
245.000000	6.000000  
244.000000	6.000000  
243.000000	6.000000  
242.000000	6.000000  
241.000000	6.000000  
240.000000	6.000000  
239.000000	6.000000  
238.000000	6.000000  
237.000000	6.000000  
236.000000	6.000000  
235.000000	6.000000  
234.000000	6.000000  
233.000000	6.000000  
232.000000	6.000000  
231.000000	6.000000  
230.000000	6.000000  
229.000000	6.000000  
228.000000	6.000000  
227.000000	6.000000  
226.000000	6.000000  
225.000000	6.000000  
224.000000	6.000000  
223.000000	6.000000  
222.000000	6.000000  
221.000000	6.000000  
220.000000	6.000000  
219.000000	6.000000  
218.000000	6.000000  
217.000000	6.000000  
216.000000	6.000000  
215.000000	6.000000  
214.000000	6.000000  
213.000000	6.000000  
212.000000	6.000000  
211.000000	6.000000  
210.000000	6.000000  
209.000000	6.000000  
208.000000	6.000000  
207.000000	6.000000  
206.000000	6.000000  
205.000000	6.000000  
204.000000	6.000000  
203.000000	6.000000  
202.000000	6.000000  
201.000000	6.000000  
200.000000	6.000000