600.000000	-0.008040 
599.000000	-0.007530 
598.000000	-0.006930 
597.000000	-0.006370 
596.000000	-0.005850 
595.000000	-0.005290 
594.000000	-0.004520 
593.000000	-0.003750 
592.000000	-0.003030 
591.000000	-0.002210 
590.000000	-0.001200 
589.000000	-0.000280 
588.000000	0.000599  
587.000000	0.001680  
586.000000	0.002700  
585.000000	0.003610  
584.000000	0.004650  
583.000000	0.005590  
582.000000	0.006580  
581.000000	0.007410  
580.000000	0.008170  
579.000000	0.009090  
578.000000	0.009870  
577.000000	0.010540  
576.000000	0.011190  
575.000000	0.011860  
574.000000	0.012690  
573.000000	0.013350  
572.000000	0.013870  
571.000000	0.014450  
570.000000	0.015070  
569.000000	0.015690  
568.000000	0.016020  
567.000000	0.016590  
566.000000	0.017190  
565.000000	0.017600  
564.000000	0.018110  
563.000000	0.018710  
562.000000	0.019190  
561.000000	0.019730  
560.000000	0.020660  
559.000000	0.019930  
558.000000	0.020420  
557.000000	0.020880  
556.000000	0.021430  
555.000000	0.022050  
554.000000	0.022580  
553.000000	0.023100  
552.000000	0.023610  
551.000000	0.024040  
550.000000	0.024540  
549.000000	0.025090  
548.000000	0.025670  
547.000000	0.026190  
546.000000	0.026730  
545.000000	0.027380  
544.000000	0.028080  
543.000000	0.028760  
542.000000	0.029440  
541.000000	0.030190  
540.000000	0.030960  
539.000000	0.031800  
538.000000	0.032520  
537.000000	0.033310  
536.000000	0.034230  
535.000000	0.034940  
534.000000	0.035850  
533.000000	0.036710  
532.000000	0.037610  
531.000000	0.038480  
530.000000	0.039360  
529.000000	0.040250  
528.000000	0.041220  
527.000000	0.042130  
526.000000	0.043090  
525.000000	0.043970  
524.000000	0.044950  
523.000000	0.046000  
522.000000	0.046960  
521.000000	0.047950  
520.000000	0.049090  
519.000000	0.050250  
518.000000	0.051230  
517.000000	0.052290  
516.000000	0.053370  
515.000000	0.054450  
514.000000	0.055530  
513.000000	0.056660  
512.000000	0.057770  
511.000000	0.058940  
510.000000	0.060110  
509.000000	0.061190  
508.000000	0.062460  
507.000000	0.063700  
506.000000	0.064940  
505.000000	0.066210  
504.000000	0.067510  
503.000000	0.068770  
502.000000	0.070000  
501.000000	0.071220  
500.000000	0.072650  
499.000000	0.074060  
498.000000	0.075410  
497.000000	0.076840  
496.000000	0.078360  
495.000000	0.079760  
494.000000	0.081150  
493.000000	0.082660  
492.000000	0.084390  
491.000000	0.085800  
490.000000	0.087300  
489.000000	0.088950  
488.000000	0.090649  
487.000000	0.092100  
486.000000	0.093810  
485.000000	0.095449  
484.000000	0.097190  
483.000000	0.098720  
482.000000	0.100420  
481.000000	0.102100  
480.000000	0.104030  
479.000000	0.105850  
478.000000	0.107650  
477.000000	0.109700  
476.000000	0.111720  
475.000000	0.113520  
474.000000	0.115510  
473.000000	0.117540  
472.000000	0.119600  
471.000000	0.121510  
470.000000	0.123570  
469.000000	0.125720  
468.000000	0.127820  
467.000000	0.129820  
466.000000	0.131900  
465.000000	0.134070  
464.000000	0.136150  
463.000000	0.138340  
462.000000	0.140600  
461.000000	0.142980  
460.000000	0.145320  
459.000000	0.147560  
458.000000	0.149870  
457.000000	0.152360  
456.000000	0.154750  
455.000000	0.157150  
454.000000	0.159720  
453.000000	0.162330  
452.000000	0.165100  
451.000000	0.167840  
450.000000	0.170620  
449.000000	0.173730  
448.000000	0.176610  
447.000000	0.179610  
446.000000	0.182720  
445.000000	0.185920  
444.000000	0.189010  
443.000000	0.192160  
442.000000	0.195370  
441.000000	0.198700  
440.000000	0.201940  
439.000000	0.205130  
438.000000	0.208410  
437.000000	0.211740  
436.000000	0.214970  
435.000000	0.218310  
434.000000	0.221750  
433.000000	0.225200  
432.000000	0.228680  
431.000000	0.232250  
430.000000	0.235780  
429.000000	0.239330  
428.000000	0.242830  
427.000000	0.246640  
426.000000	0.250570  
425.000000	0.254410  
424.000000	0.258200  
423.000000	0.261910  
422.000000	0.266150  
421.000000	0.269570  
420.000000	0.272250  
419.000000	0.275880  
418.000000	0.279810  
417.000000	0.283620  
416.000000	0.287450  
415.000000	0.291500  
414.000000	0.295670  
413.000000	0.299880  
412.000000	0.304100  
411.000000	0.308490  
410.000000	0.312910  
409.000000	0.317160  
408.000000	0.321720  
407.000000	0.326200  
406.000000	0.330920  
405.000000	0.335680  
404.000000	0.340540  
403.000000	0.345550  
402.000000	0.350680  
401.000000	0.355790  
400.000000	0.360840  
399.000000	0.366050  
398.000000	0.371480  
397.000000	0.376930  
396.000000	0.382250  
395.000000	0.387790  
394.000000	0.393590  
393.000000	0.399160  
392.000000	0.404520  
391.000000	0.410120  
390.000000	0.415780  
389.000000	0.421260  
388.000000	0.426490  
387.000000	0.431840  
386.000000	0.437270  
385.000000	0.442510  
384.000000	0.448710  
383.000000	0.461590  
382.000000	0.468550  
381.000000	0.474490  
380.000000	0.480630  
379.000000	0.487210  
378.000000	0.493790  
377.000000	0.500030  
376.000000	0.507640  
375.000000	0.513780  
374.000000	0.521230  
373.000000	0.528390  
372.000000	0.533430  
371.000000	0.542180  
370.000000	0.548590  
369.000000	0.554710  
368.000000	0.562730  
367.000000	0.569550  
366.000000	0.577620  
365.000000	0.583900  
364.000000	0.591660  
363.000000	0.596400  
362.000000	0.602700  
361.000000	0.609040  
360.000000	0.614800  
359.000000	0.621960  
358.000000	0.628390  
357.000000	0.634570  
356.000000	0.641540  
355.000000	0.646750  
354.000000	0.653240  
353.000000	0.659440  
352.000000	0.666590  
351.000000	0.674200  
350.000000	0.680980  
349.000000	0.688070  
348.000000	0.695580  
347.000000	0.704330  
346.000000	0.711470  
345.000000	0.719560  
344.000000	0.726600  
343.000000	0.735220  
342.000000	0.742930  
341.000000	0.751460  
340.000000	0.760910  
339.000000	0.771190  
338.000000	0.779030  
337.000000	0.786990  
336.000000	0.795090  
335.000000	0.802240  
334.000000	0.811640  
333.000000	0.822550  
332.000000	0.830210  
331.000000	0.841720  
330.000000	0.851200  
329.000000	0.858420  
328.000000	0.867130  
327.000000	0.879230  
326.000000	0.900340  
325.000000	0.910030  
324.000000	0.920000  
323.000000	0.930000  
322.000000	0.939590  
321.000000	0.947700  
320.000000	0.958940  
319.000000	0.965040  
318.000000	0.972940  
317.000000	0.980850  
316.000000	0.987560  
315.000000	0.995330  
314.000000	1.001770  
313.000000	1.008210  
312.000000	1.014550  
311.000000	1.021900  
310.000000	1.027680  
309.000000	1.032550  
308.000000	1.037090  
307.000000	1.039970  
306.000000	1.042950  
305.000000	1.045820  
304.000000	1.048030  
303.000000	1.049010  
302.000000	1.050650  
301.000000	1.051810  
300.000000	1.051430  
299.000000	1.051480  
298.000000	1.050230  
297.000000	1.047890  
296.000000	1.046460  
295.000000	1.045040  
294.000000	1.042920  
293.000000	1.039680  
292.000000	1.039020  
291.000000	1.035220  
290.000000	1.033380  
289.000000	1.031460  
288.000000	1.026880  
287.000000	1.025930  
286.000000	1.023460  
285.000000	1.022420  
284.000000	1.019760  
283.000000	1.021900  
282.000000	1.022180  
281.000000	1.021810  
280.000000	1.023320  
279.000000	1.021820  
278.000000	1.021940  
277.000000	1.022750  
276.000000	1.021470  
275.000000	1.023470  
274.000000	1.023730  
273.000000	1.023360  
272.000000	1.022980  
271.000000	1.021990  
270.000000	1.020720  
269.000000	1.016390  
268.000000	1.010600  
267.000000	1.005300  
266.000000	0.998810  
265.000000	0.988390  
264.000000	0.980440  
263.000000	0.966950  
262.000000	0.951040  
261.000000	0.928580  
260.000000	0.903660  
259.000000	0.866410  
258.000000	0.820550  
257.000000	0.762630  
256.000000	0.678740  
255.000000	0.564790  
254.000000	0.413750  
253.000000	0.201250  
252.000000	-0.052610 
251.000000	-0.394870 
250.000000	-0.704660 
249.000000	-0.899040 
248.000000	-0.980510 
247.000000	-0.977630 
246.000000	-0.977640 
245.000000	-0.974700 
244.000000	-1.018940 
243.000000	-1.051100 
242.000000	-1.048080 
241.000000	-1.038970 
240.000000	-0.905320 
239.000000	-0.883840 
238.000000	-0.915520 
237.000000	-0.954090 
236.000000	-0.963080 
235.000000	-0.943460 
234.000000	-0.965000 
233.000000	-0.989230 
232.000000	-0.970570 
231.000000	-0.970070 
230.000000	-0.978320 
229.000000	-0.864500 
228.000000	-0.853310 
227.000000	-0.854310 
226.000000	-0.874630 
225.000000	-0.930000 
224.000000	-0.936880 
223.000000	-0.958580 
222.000000	-0.978240 
221.000000	-0.949890 
220.000000	-0.938290 
219.000000	-1.047800 
218.000000	-1.054640 
217.000000	-0.988000 
216.000000	-1.049850 
215.000000	-1.111400 
214.000000	-1.092200 
213.000000	-1.089230 
212.000000	-1.032140 
211.000000	-1.037870 
210.000000	-1.104730 
209.000000	-1.111140 
208.000000	-1.103910 
207.000000	-1.107660 
206.000000	-1.153590 
205.000000	-1.113960 
204.000000	-1.036350 
203.000000	-1.062610 
202.000000	-1.043830 
201.000000	-1.064350 
200.000000	-0.944330 