600.000000	0.110370  
599.000000	0.111260  
598.000000	0.112430  
597.000000	0.113610  
596.000000	0.114730  
595.000000	0.115870  
594.000000	0.117200  
593.000000	0.118600  
592.000000	0.119920  
591.000000	0.121230  
590.000000	0.122750  
589.000000	0.124280  
588.000000	0.125770  
587.000000	0.127340  
586.000000	0.129030  
585.000000	0.130630  
584.000000	0.132080  
583.000000	0.133640  
582.000000	0.135250  
581.000000	0.136780  
580.000000	0.138170  
579.000000	0.139590  
578.000000	0.141080  
577.000000	0.142560  
576.000000	0.143970  
575.000000	0.145160  
574.000000	0.146590  
573.000000	0.147860  
572.000000	0.148990  
571.000000	0.150420  
570.000000	0.151700  
569.000000	0.152960  
568.000000	0.154020  
567.000000	0.155240  
566.000000	0.156550  
565.000000	0.157740  
564.000000	0.158930  
563.000000	0.160150  
562.000000	0.161510  
561.000000	0.162870  
560.000000	0.164520  
559.000000	0.165210  
558.000000	0.166510  
557.000000	0.167790  
556.000000	0.169030  
555.000000	0.170270  
554.000000	0.171600  
553.000000	0.172880  
552.000000	0.174100  
551.000000	0.175470  
550.000000	0.176860  
549.000000	0.178170  
548.000000	0.179510  
547.000000	0.180830  
546.000000	0.182260  
545.000000	0.183630  
544.000000	0.184980  
543.000000	0.186480  
542.000000	0.188000  
541.000000	0.189460  
540.000000	0.191180  
539.000000	0.192750  
538.000000	0.194440  
537.000000	0.196080  
536.000000	0.197650  
535.000000	0.199340  
534.000000	0.201100  
533.000000	0.202740  
532.000000	0.204400  
531.000000	0.206090  
530.000000	0.207950  
529.000000	0.209760  
528.000000	0.211540  
527.000000	0.213460  
526.000000	0.215250  
525.000000	0.216980  
524.000000	0.218780  
523.000000	0.220610  
522.000000	0.222500  
521.000000	0.224240  
520.000000	0.226100  
519.000000	0.228020  
518.000000	0.229980  
517.000000	0.231980  
516.000000	0.233910  
515.000000	0.235860  
514.000000	0.237850  
513.000000	0.239870  
512.000000	0.241860  
511.000000	0.243970  
510.000000	0.246030  
509.000000	0.248050  
508.000000	0.250140  
507.000000	0.252290  
506.000000	0.254460  
505.000000	0.256600  
504.000000	0.258840  
503.000000	0.261150  
502.000000	0.263380  
501.000000	0.265620  
500.000000	0.267810  
499.000000	0.270190  
498.000000	0.272500  
497.000000	0.274810  
496.000000	0.277150  
495.000000	0.279590  
494.000000	0.282020  
493.000000	0.284440  
492.000000	0.286860  
491.000000	0.289440  
490.000000	0.291990  
489.000000	0.294550  
488.000000	0.297040  
487.000000	0.299900  
486.000000	0.302370  
485.000000	0.304960  
484.000000	0.307710  
483.000000	0.310460  
482.000000	0.313090  
481.000000	0.315910  
480.000000	0.318710  
479.000000	0.321580  
478.000000	0.324390  
477.000000	0.327340  
476.000000	0.330510  
475.000000	0.333570  
474.000000	0.336490  
473.000000	0.339780  
472.000000	0.342940  
471.000000	0.345980  
470.000000	0.349120  
469.000000	0.352380  
468.000000	0.355790  
467.000000	0.359080  
466.000000	0.362240  
465.000000	0.365550  
464.000000	0.369040  
463.000000	0.372410  
462.000000	0.375840  
461.000000	0.379410  
460.000000	0.383110  
459.000000	0.386580  
458.000000	0.390110  
457.000000	0.393680  
456.000000	0.397400  
455.000000	0.401160  
454.000000	0.405040  
453.000000	0.408900  
452.000000	0.413090  
451.000000	0.417070  
450.000000	0.421130  
449.000000	0.425270  
448.000000	0.430090  
447.000000	0.434230  
446.000000	0.438740  
445.000000	0.443330  
444.000000	0.448200  
443.000000	0.452780  
442.000000	0.457560  
441.000000	0.462410  
440.000000	0.467160  
439.000000	0.471720  
438.000000	0.476700  
437.000000	0.481610  
436.000000	0.486530  
435.000000	0.491410  
434.000000	0.496380  
433.000000	0.501390  
432.000000	0.506410  
431.000000	0.511540  
430.000000	0.516640  
429.000000	0.522010  
428.000000	0.527380  
427.000000	0.532529  
426.000000	0.537690  
425.000000	0.543090  
424.000000	0.548660  
423.000000	0.554000  
422.000000	0.559700  
421.000000	0.563310  
420.000000	0.566030  
419.000000	0.571520  
418.000000	0.577110  
417.000000	0.582940  
416.000000	0.588680  
415.000000	0.594510  
414.000000	0.600430  
413.000000	0.606540  
412.000000	0.612590  
411.000000	0.618730  
410.000000	0.625070  
409.000000	0.631700  
408.000000	0.638120  
407.000000	0.644190  
406.000000	0.650720  
405.000000	0.657730  
404.000000	0.664380  
403.000000	0.671000  
402.000000	0.677870  
401.000000	0.684930  
400.000000	0.691710  
399.000000	0.698860  
398.000000	0.705780  
397.000000	0.712990  
396.000000	0.720029  
395.000000	0.727170  
394.000000	0.734780  
393.000000	0.742260  
392.000000	0.749720  
391.000000	0.757200  
390.000000	0.764850  
389.000000	0.772490  
388.000000	0.779820  
387.000000	0.787200  
386.000000	0.794870  
385.000000	0.802560  
384.000000	0.810980  
383.000000	0.832410  
382.000000	0.848290  
381.000000	0.853930  
380.000000	0.859320  
379.000000	0.873430  
378.000000	0.882329  
377.000000	0.890240  
376.000000	0.900720  
375.000000	0.907490  
374.000000	0.916390  
373.000000	0.926230  
372.000000	0.936670  
371.000000	0.942920  
370.000000	0.952300  
369.000000	0.963100  
368.000000	0.970540  
367.000000	0.982360  
366.000000	0.990730  
365.000000	0.998030  
364.000000	1.007080  
363.000000	1.016770  
362.000000	1.027510  
361.000000	1.035140  
360.000000	1.044600  
359.000000	1.054200  
358.000000	1.062850  
357.000000	1.069920  
356.000000	1.076530  
355.000000	1.088320  
354.000000	1.097550  
353.000000	1.108560  
352.000000	1.115940  
351.000000	1.126710  
350.000000	1.139790  
349.000000	1.149610  
348.000000	1.157230  
347.000000	1.171530  
346.000000	1.181260  
345.000000	1.188830  
344.000000	1.198520  
343.000000	1.209900  
342.000000	1.220360  
341.000000	1.232480  
340.000000	1.242880  
339.000000	1.262390  
338.000000	1.272060  
337.000000	1.283040  
336.000000	1.297700  
335.000000	1.303660  
334.000000	1.314180  
333.000000	1.329230  
332.000000	1.336510  
331.000000	1.349190  
330.000000	1.360110  
329.000000	1.384540  
328.000000	1.384220  
327.000000	1.398680  
326.000000	1.408130  
325.000000	1.421720  
324.000000	1.430060  
323.000000	1.443520  
322.000000	1.454840  
321.000000	1.467050  
320.000000	1.479220  
319.000000	1.491940  
318.000000	1.505850  
317.000000	1.515770  
316.000000	1.531750  
315.000000	1.537120  
314.000000	1.548240  
313.000000	1.562550  
312.000000	1.569920  
311.000000	1.586030  
310.000000	1.598030  
309.000000	1.605850  
308.000000	1.615080  
307.000000	1.621230  
306.000000	1.630190  
305.000000	1.640640  
304.000000	1.644700  
303.000000	1.653300  
302.000000	1.663070  
301.000000	1.666960  
300.000000	1.678840  
299.000000	1.677630  
298.000000	1.678490  
297.000000	1.677960  
296.000000	1.677120  
295.000000	1.685470  
294.000000	1.687350  
293.000000	1.691910  
292.000000	1.692090  
291.000000	1.698420  
290.000000	1.699490  
289.000000	1.695060  
288.000000	1.705360  
287.000000	1.693990  
286.000000	1.696280  
285.000000	1.710420  
284.000000	1.700510  
283.000000	1.718050  
282.000000	1.718680  
281.000000	1.721320  
280.000000	1.733290  
279.000000	1.722820  
278.000000	1.731970  
277.000000	1.727400  
276.000000	1.733170  
275.000000	1.729490  
274.000000	1.744330  
273.000000	1.756450  
272.000000	1.746880  
271.000000	1.759680  
270.000000	1.772510  
269.000000	1.772430  
268.000000	1.776860  
267.000000	1.762260  
266.000000	1.766620  
265.000000	1.779310  
264.000000	1.768720  
263.000000	1.774000  
262.000000	1.764000  
261.000000	1.742650  
260.000000	1.718440  
259.000000	1.710490  
258.000000	1.671240  
257.000000	1.628650  
256.000000	1.537240  
255.000000	1.449950  
254.000000	1.295040  
253.000000	1.096660  
252.000000	0.840490  
251.000000	0.473240  
250.000000	0.178150  
249.000000	-0.016570 
248.000000	-0.085170 
247.000000	-0.112340 
246.000000	-0.044410 
245.000000	-0.025830 
244.000000	-0.152690 
243.000000	-0.061970 
242.000000	-0.061600 
241.000000	-0.055010 
240.000000	-0.000730 
239.000000	-0.050550 
238.000000	0.010510  
237.000000	0.042370  
236.000000	0.120100  
235.000000	0.076890  
234.000000	0.069819  
233.000000	0.153510  
232.000000	0.040290  
231.000000	0.013630  
230.000000	0.000860  
229.000000	0.022590  
228.000000	0.174340  
227.000000	0.097440  
226.000000	0.062670  
225.000000	0.153950  
224.000000	0.173730  
223.000000	0.113130  
222.000000	0.076880  
221.000000	0.146470  
220.000000	0.091720  
219.000000	0.027860  
218.000000	0.048830  
217.000000	0.029370  
216.000000	-0.123590 
215.000000	-0.111390 
214.000000	-0.181640 
213.000000	-0.241400 
212.000000	-0.055470 
211.000000	0.025020  
210.000000	-0.129370 
209.000000	-0.185350 
208.000000	-0.076480 
207.000000	-0.081309 
206.000000	0.007960  
205.000000	-0.015390 
204.000000	-0.230360 
203.000000	0.091020  
202.000000	-0.061670 
201.000000	-0.188160 
200.000000	0.141970  