    xi       psi(num)    psi'(num)   rho(num)     m(num)  
0.00000000  0.00000000  0.00000000  1.00000000  0.00000000 
0.05000000  0.00124313  0.00024213  1.00000000  0.00000000 
0.10000000  -0.00350710  0.11976468  0.99875765  0.00000000 
0.15000000  0.00004149  0.06203720  1.00351326  0.00000042 
0.20000000  0.00307196  0.06278491  0.99995851  0.00000000 
0.25000000  0.00646310  0.07369267  0.99693276  0.00000017 
0.30000000  0.01048588  0.08749687  0.99355774  0.00000087 
0.35000000  0.01522961  0.10236050  0.98956891  0.00000270 
0.40000000  0.02072855  0.11763701  0.98488578  0.00000665 
0.45000000  0.02699537  0.13304321  0.97948481  0.00001411 
0.50000000  0.03403255  0.14843274  0.97336575  0.00002698 
0.55000000  0.04183691  0.16371907  0.96654004  0.00004768 
0.60000000  0.05040177  0.17884499  0.95902618  0.00007916 
0.65000000  0.05971804  0.19376915  0.95084732  0.00012497 
0.70000000  0.06977479  0.20845953  0.94203011  0.00018920 
0.75000000  0.08055966  0.22289011  0.93260383  0.00027648 
0.80000000  0.09205910  0.23703900  0.92259986  0.00039195 
0.85000000  0.10425855  0.25088745  0.91205124  0.00054120 
0.90000000  0.11714257  0.26441915  0.90099231  0.00073023 
0.95000000  0.13069495  0.27761992  0.88945837  0.00096534 
1.00000000  0.14489884  0.29047740  0.87748541  0.00125309 
1.05000000  0.15973679  0.30298090  0.86510980  0.00160019 
1.10000000  0.17519088  0.31512129  0.85236811  0.00201342 
1.15000000  0.19124274  0.32689087  0.83929680  0.00249950 
1.20000000  0.20787368  0.33828331  0.82593207  0.00306507 
1.25000000  0.22506470  0.34929360  0.81230964  0.00371651 
1.30000000  0.24279661  0.35991796  0.79846455  0.00445993 
1.35000000  0.26105002  0.37015376  0.78443104  0.00530104 
1.40000000  0.27980548  0.37999953  0.77024239  0.00624509 
1.45000000  0.29904347  0.38945481  0.75593077  0.00729679 
1.50000000  0.31874446  0.39852016  0.74152718  0.00846027 
1.55000000  0.33888901  0.40719708  0.72706132  0.00973904 
1.60000000  0.35945774  0.41548792  0.71256153  0.01113591 
1.65000000  0.38043142  0.42339586  0.69805475  0.01265301 
1.70000000  0.40179101  0.43092482  0.68356644  0.01429173 
1.75000000  0.42351766  0.43807942  0.66912057  0.01605274 
1.80000000  0.44559280  0.44486490  0.65473961  0.01793599 
1.85000000  0.46799810  0.45128710  0.64044451  0.01994069 
1.90000000  0.49071556  0.45735234  0.62625472  0.02206539 
1.95000000  0.51372749  0.46306743  0.61218818  0.02430794 
2.00000000  0.53701658  0.46843957  0.59826140  0.02666554 
2.05000000  0.56056586  0.47347633  0.58448943  0.02913482 
2.10000000  0.58435876  0.47818557  0.57088593  0.03171183 
2.15000000  0.60837910  0.48257542  0.55746322  0.03439210 
2.20000000  0.63261112  0.48665424  0.54423230  0.03717072 
2.25000000  0.65703948  0.49043053  0.53120296  0.04004234 
2.30000000  0.68164927  0.49391295  0.51838375  0.04300126 
2.35000000  0.70642602  0.49711025  0.50578213  0.04604147 
2.40000000  0.73135569  0.50003124  0.49340447  0.04915670 
2.45000000  0.75642469  0.50268477  0.48125611  0.05234047 
2.50000000  0.78161986  0.50507968  0.46934147  0.05558616 
2.55000000  0.80692849  0.50722480  0.45766406  0.05888702 
2.60000000  0.83233832  0.50912889  0.44622655  0.06223624 
2.65000000  0.85783751  0.51080066  0.43503085  0.06562701 
2.70000000  0.88341466  0.51224871  0.42407816  0.06905252 
2.75000000  0.90905879  0.51348155  0.41336899  0.07250602 
2.80000000  0.93475937  0.51450755  0.40290326  0.07598087 
2.85000000  0.96050624  0.51533493  0.39268035  0.07947052 
2.90000000  0.98628968  0.51597180  0.38269910  0.08296860 
2.95000000  1.01210037  0.51642606  0.37295792  0.08646890 
3.00000000  1.03792938  0.51670547  0.36345479  0.08996541 
3.05000000  1.06376813  0.51681759  0.35418731  0.09345235 
3.10000000  1.08960847  0.51676982  0.34515278  0.09692415 
3.15000000  1.11544257  0.51656934  0.33634816  0.10037549 
3.20000000  1.14126298  0.51622316  0.32777019  0.10380131 
3.25000000  1.16706257  0.51573808  0.31941535  0.10719682 
3.30000000  1.19283458  0.51512070  0.31127996  0.11055748 
3.35000000  1.21857254  0.51437743  0.30336015  0.11387903 
3.40000000  1.24427033  0.51351448  0.29565190  0.11715750 
3.45000000  1.26992210  0.51253785  0.28815109  0.12038916 
3.50000000  1.29552231  0.51145334  0.28085350  0.12357058 
3.55000000  1.32106573  0.51026656  0.27375484  0.12669859 
3.60000000  1.34654736  0.50898293  0.26685076  0.12977028 
3.65000000  1.37196249  0.50760767  0.26013687  0.13278301 
3.70000000  1.39730668  0.50614581  0.25360877  0.13573438 
3.75000000  1.42257571  0.50460220  0.24726202  0.13862223 
3.80000000  1.44776562  0.50298150  0.24109223  0.14144467 
3.85000000  1.47287265  0.50128820  0.23509499  0.14420001 
3.90000000  1.49789330  0.49952661  0.22926594  0.14688678 
3.95000000  1.52282424  0.49770086  0.22360072  0.14950374 
4.00000000  1.54766238  0.49581494  0.21809506  0.15204983 
4.05000000  1.57240480  0.49387266  0.21274471  0.15452420 
4.10000000  1.59704877  0.49187767  0.20754548  0.15692618 
4.15000000  1.62159174  0.48983347  0.20249324  0.15925526 
4.20000000  1.64603135  0.48774342  0.19758395  0.16151111 
4.25000000  1.67036538  0.48561074  0.19281360  0.16369354 
4.30000000  1.69459177  0.48343848  0.18817830  0.16580250 
4.35000000  1.71870861  0.48122960  0.18367420  0.16783810 
4.40000000  1.74271416  0.47898690  0.17929754  0.16980054 
4.45000000  1.76660679  0.47671306  0.17504466  0.17169018 
4.50000000  1.79038499  0.47441065  0.17091195  0.17350745 
4.55000000  1.81404741  0.47208210  0.16689590  0.17525289 
4.60000000  1.83759281  0.46972976  0.16299310  0.17692715 
4.65000000  1.86102003  0.46735584  0.15920019  0.17853094 
4.70000000  1.88432806  0.46496246  0.15551392  0.18006507 
4.75000000  1.90751599  0.46255165  0.15193111  0.18153039 
4.80000000  1.93058297  0.46012532  0.14844868  0.18292785 
4.85000000  1.95352829  0.45768531  0.14506361  0.18425844 
4.90000000  1.97635130  0.45523336  0.14177297  0.18552318 
4.95000000  1.99905146  0.45277112  0.13857393  0.18672317 
5.00000000  2.02162827  0.45030017  0.13546372  0.18785953 
5.05000000  2.04408135  0.44782199  0.13243964  0.18893342 
5.10000000  2.06641037  0.44533802  0.12949910  0.18994603 
5.15000000  2.08861508  0.44284959  0.12663956  0.19089857 
5.20000000  2.11069528  0.44035798  0.12385855  0.19179228 
5.25000000  2.13265084  0.43786440  0.12115370  0.19262842 
5.30000000  2.15448171  0.43537000  0.11852269  0.19340824 
5.35000000  2.17618785  0.43287587  0.11596328  0.19413303 
5.40000000  2.19776931  0.43038303  0.11347328  0.19480407 
5.45000000  2.21922619  0.42789246  0.11105060  0.19542264 
5.50000000  2.24055861  0.42540507  0.10869318  0.19599004 
5.55000000  2.26176677  0.42292174  0.10639905  0.19650755 
5.60000000  2.28285087  0.42044328  0.10416628  0.19697645 
5.65000000  2.30381119  0.41797046  0.10199302  0.19739802 
5.70000000  2.32464802  0.41550401  0.09987747  0.19777353 
5.75000000  2.34536171  0.41304462  0.09781787  0.19810425 
5.80000000  2.36595261  0.41059293  0.09581254  0.19839141 
5.85000000  2.38642114  0.40814955  0.09385985  0.19863626 
5.90000000  2.40676771  0.40571506  0.09195820  0.19884002 
5.95000000  2.42699280  0.40328997  0.09010607  0.19900390 
6.00000000  2.44709688  0.40087480  0.08830198  0.19912907 
6.05000000  2.46708045  0.39847001  0.08654447  0.19921673 
6.10000000  2.48694406  0.39607605  0.08483217  0.19926803 
6.15000000  2.50668824  0.39369331  0.08316372  0.19928409 
6.20000000  2.52631358  0.39132218  0.08153783  0.19926605 
6.25000000  2.54582066  0.38896303  0.07995322  0.19921500 
6.30000000  2.56521009  0.38661617  0.07840868  0.19913201 
6.35000000  2.58448249  0.38428191  0.07690302  0.19901814 
6.40000000  2.60363850  0.38196054  0.07543511  0.19887443 
6.45000000  2.62267876  0.37965231  0.07400383  0.19870190 
6.50000000  2.64160395  0.37735747  0.07260810  0.19850153 
6.55000000  2.66041474  0.37507625  0.07124690  0.19827430 
6.60000000  2.67911180  0.37280883  0.06991922  0.19802116 
6.65000000  2.69769585  0.37055541  0.06862408  0.19774304 
6.70000000  2.71616758  0.36831616  0.06736054  0.19744084 
6.75000000  2.73452771  0.36609122  0.06612770  0.19711545 
6.80000000  2.75277694  0.36388073  0.06492466  0.19676774 
6.85000000  2.77091602  0.36168482  0.06375058  0.19639854 
6.90000000  2.78894567  0.35950360  0.06260463  0.19600868 
6.95000000  2.80686663  0.35733715  0.06148601  0.19559897 
7.00000000  2.82467963  0.35518557  0.06039393  0.19517017 
7.05000000  2.84238543  0.35304892  0.05932766  0.19472306 
7.10000000  2.85998478  0.35092726  0.05828646  0.19425837 
7.15000000  2.87747841  0.34882065  0.05726963  0.19377682 
7.20000000  2.89486709  0.34672913  0.05627649  0.19327911 
7.25000000  2.91215158  0.34465272  0.05530638  0.19276592 
7.30000000  2.92933262  0.34259145  0.05435865  0.19223792 
7.35000000  2.94641097  0.34054532  0.05343269  0.19169574 
7.40000000  2.96338740  0.33851435  0.05252789  0.19114002 
7.45000000  2.98026266  0.33649854  0.05164368  0.19057135 
7.50000000  2.99703751  0.33449787  0.05077949  0.18999034 
7.55000000  3.01371270  0.33251232  0.04993478  0.18939755 
7.60000000  3.03028899  0.33054188  0.04910901  0.18879353 
7.65000000  3.04676714  0.32858652  0.04830168  0.18817883 
7.70000000  3.06314790  0.32664620  0.04751228  0.18755397 
7.75000000  3.07943201  0.32472088  0.04674033  0.18691945 
7.80000000  3.09562023  0.32281052  0.04598537  0.18627577 
7.85000000  3.11171331  0.32091507  0.04524694  0.18562339 
7.90000000  3.12771199  0.31903448  0.04452461  0.18496279 
7.95000000  3.14361700  0.31716868  0.04381794  0.18429441 
8.00000000  3.15942910  0.31531762  0.04312653  0.18361868 
8.05000000  3.17514901  0.31348124  0.04244997  0.18293602 
8.10000000  3.19077747  0.31165945  0.04178788  0.18224684 
8.15000000  3.20631520  0.30985220  0.04113987  0.18155152 
8.20000000  3.22176293  0.30805941  0.04050559  0.18085045 
8.25000000  3.23712138  0.30628100  0.03988468  0.18014399 
8.30000000  3.25239127  0.30451689  0.03927680  0.17943250 
8.35000000  3.26757331  0.30276699  0.03868160  0.17871633 
8.40000000  3.28266820  0.30103123  0.03809877  0.17799580 
8.45000000  3.29767666  0.29930952  0.03752799  0.17727123 
8.50000000  3.31259939  0.29760177  0.03696896  0.17654294 
8.55000000  3.32743707  0.29590788  0.03642138  0.17581122 
8.60000000  3.34219041  0.29422778  0.03588496  0.17507637 
8.65000000  3.35686008  0.29256135  0.03535942  0.17433865 
8.70000000  3.37144677  0.29090852  0.03484450  0.17359835 
8.75000000  3.38595115  0.28926918  0.03433992  0.17285572 
8.80000000  3.40037391  0.28764324  0.03384543  0.17211101 
8.85000000  3.41471570  0.28603060  0.03336079  0.17136447 
8.90000000  3.42897719  0.28443116  0.03288575  0.17061632 
8.95000000  3.44315903  0.28284483  0.03242008  0.16986680 
9.00000000  3.45726189  0.28127149  0.03196355  0.16911611 
9.05000000  3.47128640  0.27971106  0.03151594  0.16836448 
9.10000000  3.48523321  0.27816343  0.03107703  0.16761209 
9.15000000  3.49910295  0.27662850  0.03064661  0.16685914 
9.20000000  3.51289627  0.27510616  0.03022448  0.16610583 
9.25000000  3.52661378  0.27359632  0.02981045  0.16535233 
9.30000000  3.54025611  0.27209888  0.02940432  0.16459880 
9.35000000  3.55382387  0.27061372  0.02900590  0.16384543 
9.40000000  3.56731768  0.26914076  0.02861501  0.16309237 
9.45000000  3.58073815  0.26767988  0.02823148  0.16233977 
9.50000000  3.59408587  0.26623098  0.02785513  0.16158778 
9.55000000  3.60736144  0.26479397  0.02748580  0.16083654 
9.60000000  3.62056546  0.26336873  0.02712332  0.16008620 
9.65000000  3.63369851  0.26195517  0.02676754  0.15933687 
9.70000000  3.64676117  0.26055318  0.02641830  0.15858869 
9.75000000  3.65975402  0.25916267  0.02607545  0.15784178 
9.80000000  3.67267763  0.25778353  0.02573884  0.15709625 
9.85000000  3.68553256  0.25641566  0.02540834  0.15635221 
9.90000000  3.69831938  0.25505896  0.02508381  0.15560978 
9.95000000  3.71103864  0.25371332  0.02476511  0.15486905 
10.00000000  3.72369089  0.25237866  0.02445211  0.15413011 
