       0.01000000       3.00000000
       0.02000000       3.00000000
       0.03000000       3.00000000
       0.04000000       3.00000000
       0.05000000       3.00000000
       0.06000000       3.00000000
       0.07000000       3.00000000
       0.08000000       3.00000000
       0.09000000       3.00000000
       0.09999999       3.00000000
       0.11000000       3.00000000
       0.12000000       3.00000000
       0.13000000       3.00000000
       0.14000000       3.00000000
       0.14999999       3.00000000
       0.16000000       3.00000000
       0.17000000       3.00000000
       0.17999999       3.00000000
       0.19000000       3.00000000
       0.19999999       3.00000000
       0.20999999       3.00000000
       0.22000000       3.00000000
       0.22999999       3.00000000
       0.23999999       3.00000000
       0.25000000       3.00000000
       0.25999999       3.00000000
       0.26999998       3.00000000
       0.28000000       3.00000000
       0.28999999       3.00000000
       0.29999998       3.00000000
       0.31000000       3.00000000
       0.31999999       3.00000000
       0.32999998       3.00000000
       0.34000000       3.00000000
       0.34999999       3.00000000
       0.35999998       3.00000000
       0.37000000       3.00000000
       0.38000000       3.00000000
       0.38999999       3.00000000
       0.39999998       3.00000000
       0.41000000       3.00000000
       0.41999999       3.00000000
       0.42999998       3.00000000
       0.44000000       3.00000000
       0.44999999       3.00000000
       0.45999998       3.00000000
       0.47000000       3.00000000
       0.47999999       3.00000000
       0.48999998       3.00000000
       0.50000000       3.00000000
       0.50999999       3.00000000
       0.51999998       3.00000000
       0.52999997       3.00000000
       0.53999996       3.00000000
       0.55000001       3.00000000
       0.56000000       3.00000000
       0.56999999       3.00000000
       0.57999998       3.00000000
       0.58999997       3.00000000
       0.59999996       3.00000000
       0.61000001       3.00000000
       0.62000000       3.00000000
       0.63000000       3.00000000
       0.63999999       3.00000000
       0.64999998       3.00000000
       0.65999997       3.00000000
       0.66999996       3.00000000
       0.68000001       3.00000000
       0.69000000       3.00000000
       0.69999999       3.00000000
       0.70999998       3.00000000
       0.71999997       3.00000000
       0.72999996       3.00000000
       0.74000001       3.00000000
       0.75000000       3.00000000
       0.75999999       3.00000000
       0.76999998       3.00000000
       0.77999997       3.00000000
       0.78999996       3.00000000
       0.79999995       3.00000000
       0.81000000       3.00000000
       0.81999999       3.00000000
       0.82999998       3.00000000
       0.83999997       3.00000000
       0.84999996       3.00000000
       0.85999995       3.00000000
       0.87000000       3.00000000
       0.88000000       3.00000000
       0.88999999       3.00000000
       0.89999998       3.00000000
       0.90999997       3.00000000
       0.91999996       3.00000000
       0.93000001       3.00000000
       0.94000000       3.00000000
       0.94999999       3.00000000
       0.95999998       3.00000000
       0.96999997       3.00000000
       0.97999996       3.00000000
       0.98999995       3.00000000
       1.00000000       3.00000000
       1.00999999       3.00000000
       1.01999998       3.00000000
       1.02999997       3.00000000
       1.03999996       3.00000000
       1.04999995       3.00000000
       1.05999994       3.00000000
       1.06999993       3.00000000
       1.07999992       3.00000000
       1.09000003       3.00000000
       1.10000002       3.00000000
       1.11000001       3.00000000
       1.12000000       3.00000000
       1.13000000       3.00000000
       1.13999999       3.00000000
       1.14999998       3.00000000
       1.15999997       3.00000000
       1.16999996       3.00000000
       1.17999995       3.00000000
       1.18999994       3.00000000
       1.19999993       3.00000000
       1.20999992       3.00000000
       1.22000003       3.00000000
       1.23000002       3.00000000
       1.24000001       3.00000000
       1.25000000       3.00000000
       1.25999999       3.00000000
       1.26999998       3.00000000
       1.27999997       3.00000000
       1.28999996       3.00000000
       1.29999995       3.00000000
       1.30999994       3.00000000
       1.31999993       3.00000000
       1.32999992       3.00000000
       1.33999991       3.00000000
       1.35000002       3.00000000
       1.36000001       3.00000000
       1.37000000       3.00000000
       1.38000000       3.00000000
       1.38999999       3.00000000
       1.39999998       3.00000000
       1.40999997       3.00000000
       1.41999996       3.00000000
       1.42999995       3.00000000
       1.43999994       3.00000000
       1.44999993       3.00000000
       1.45999992       3.00000000
       1.46999991       3.00000000
       1.48000002       3.00000000
       1.49000001       3.00000000
       1.50000000       3.00000000
       1.50999999       3.00000000
       1.51999998       3.00000000
       1.52999997       3.00000000
       1.53999996       3.00000000
       1.54999995       3.00000000
       1.55999994       3.00000000
       1.56999993       3.00000000
       1.57999992       3.00000000
       1.58999991       3.00000000
       1.59999990       3.00000000
       1.61000001       3.00000000
       1.62000000       3.00000000
       1.63000000       3.00000000
       1.63999999       3.00000000
       1.64999998       3.00000000
       1.65999997       3.00000000
       1.66999996       3.00000000
       1.67999995       3.00000000
       1.68999994       3.00000000
       1.69999993       3.00000000
       1.70999992       3.00000000
       1.71999991       3.00000000
       1.73000002       3.00000000
       1.74000001       3.00000000
       1.75000000       3.00000000
       1.75999999       3.00000000
       1.76999998       3.00000000
       1.77999997       3.00000000
       1.78999996       3.00000000
       1.79999995       3.00000000
       1.80999994       3.00000000
       1.81999993       3.00000000
       1.82999992       3.00000000
       1.83999991       3.00000000
       1.84999990       3.00000000
       1.86000001       3.00000000
       1.87000000       3.00000000
       1.88000000       3.00000000
       1.88999999       3.00000000
       1.89999998       3.00000000
       1.90999997       3.00000000
       1.91999996       3.00000000
       1.92999995       3.00000000
       1.93999994       3.00000000
       1.94999993       3.00000000
       1.95999992       3.00000000
       1.96999991       3.00000000
       1.97999990       3.00000000
       1.99000001       3.00000000
       2.00000000       3.00000000
       2.00999999       3.00000000
       2.01999998       3.00000000
       2.02999997       3.00000000
       2.03999996       3.00000000
       2.04999995       3.00000000
       2.05999994       3.00000000
       2.06999993       3.00000000
       2.07999992       3.00000000
       2.08999991       3.00000000
       2.09999990       3.00000000
       2.10999990       3.00000000
       2.11999989       3.00000000
       2.12999988       3.00000000
       2.13999987       3.00000000
       2.14999986       3.00000000
       2.15999985       3.00000000
       2.16999984       3.00000000
       2.18000007       3.00000000
       2.19000006       3.00000000
       2.20000005       3.00000000
       2.21000004       3.00000000
       2.22000003       3.00000000
       2.23000002       3.00000000
       2.24000001       3.00000000
       2.25000000       3.00000000
       2.25999999       3.00000000
       2.26999998       3.00000000
       2.27999997       3.00000000
       2.28999996       3.00000000
       2.29999995       3.00000000
       2.30999994       3.00000000
       2.31999993       3.00000000
       2.32999992       3.00000000
       2.33999991       3.00000000
       2.34999990       3.00000000
       2.35999990       3.00000000
       2.36999989       3.00000000
       2.37999988       3.00000000
       2.38999987       3.00000000
       2.39999986       3.00000000
       2.40999985       3.00000000
       2.41999984       3.00000000
       2.42999983       3.00000000
       2.44000006       3.00000000
       2.45000005       3.00000000
       2.46000004       3.00000000
       2.47000003       3.00000000
       2.48000002       3.00000000
       2.49000001       3.00000000
       2.50000000       3.00000000
       2.50999999       3.00000000
       2.51999998       3.00000000
       2.52999997       3.00000000
       2.53999996       3.00000000
       2.54999995       3.00000000
       2.55999994       3.00000000
       2.56999993       3.00000000
       2.57999992       3.00000000
       2.58999991       3.00000000
       2.59999990       3.00000000
       2.60999990       3.00000000
       2.61999989       3.00000000
       2.62999988       3.00000000
       2.63999987       3.00000000
       2.64999986       3.00000000
       2.65999985       3.00000000
       2.66999984       3.00000000
       2.67999983       3.00000000
       2.69000006       3.00000000
       2.70000005       3.00000000
       2.71000004       3.00000000
       2.72000003       3.00000000
       2.73000002       3.00000000
       2.74000001       3.00000000
       2.75000000       3.00000000
       2.75999999       3.00000000
       2.76999998       3.00000000
       2.77999997       3.00000000
       2.78999996       3.00000000
       2.79999995       3.00000000
       2.80999994       3.00000000
       2.81999993       3.00000000
       2.82999992       3.00000000
       2.83999991       3.00000000
       2.84999990       3.00000000
       2.85999990       3.00000000
       2.86999989       3.00000000
       2.87999988       3.00000000
       2.88999987       3.00000000
       2.89999986       3.00000000
       2.90999985       3.00000000
       2.91999984       3.00000000
       2.92999983       3.00000000
       2.93999982       3.00000000
       2.95000005       3.00000000
       2.96000004       3.00000000
       2.97000003       3.00000000
       2.98000002       3.00000000
       2.99000001       3.00000000
       3.00000000       3.00000000
       3.00999999       3.00000000
       3.01999998       3.00000000
       3.02999997       3.00000000
       3.03999996       3.00000000
       3.04999995       3.00000000
       3.05999994       3.00000000
       3.06999993       3.00000000
       3.07999992       3.00000000
       3.08999991       3.00000000
       3.09999990       3.00000000
       3.10999990       3.00000000
       3.11999989       3.00000000
       3.12999988       3.00000000
       3.13999987       3.00000000
       3.14999986       3.00000000
       3.15999985       3.00000000
       3.16999984       3.00000000
       3.17999983       3.00000000
       3.18999982       3.00000000
       3.19999981       3.00000000
       3.21000004       3.00000000
       3.22000003       3.00000000
       3.23000002       3.00000000
       3.24000001       3.00000000
       3.25000000       3.00000000
       3.25999999       3.00000000
       3.26999998       3.00000000
       3.27999997       3.00000000
       3.28999996       3.00000000
       3.29999995       3.00000000
       3.30999994       3.00000000
       3.31999993       3.00000000
       3.32999992       3.00000000
       3.33999991       3.00000000
       3.34999990       3.00000000
       3.35999990       3.00000000
       3.36999989       3.00000000
       3.37999988       3.00000000
       3.38999987       3.00000000
       3.39999986       3.00000000
       3.40999985       3.00000000
       3.41999984       3.00000000
       3.42999983       3.00000000
       3.43999982       3.00000000
       3.44999981       3.00000000
       3.46000004       3.00000000
       3.47000003       3.00000000
       3.48000002       3.00000000
       3.49000001       3.00000000
       3.50000000       3.00000000
       3.50999999       3.00000000
       3.51999998       3.00000000
       3.52999997       3.00000000
       3.53999996       3.00000000
       3.54999995       3.00000000
       3.55999994       3.00000000
       3.56999993       3.00000000
       3.57999992       3.00000000
       3.58999991       3.00000000
       3.59999990       3.00000000
       3.60999990       3.00000000
       3.61999989       3.00000000
       3.62999988       3.00000000
       3.63999987       3.00000000
       3.64999986       3.00000000
       3.65999985       3.00000000
       3.66999984       3.00000000
       3.67999983       3.00000000
       3.68999982       3.00000000
       3.69999981       3.00000000
       3.70999980       3.00000000
       3.72000003       3.00000000
       3.73000002       3.00000000
       3.74000001       3.00000000
       3.75000000       3.00000000
       3.75999999       3.00000000
       3.76999998       3.00000000
       3.77999997       3.00000000
       3.78999996       3.00000000
       3.79999995       3.00000000
       3.80999994       3.00000000
       3.81999993       3.00000000
       3.82999992       3.00000000
       3.83999991       3.00000000
       3.84999990       3.00000000
       3.85999990       3.00000000
       3.86999989       3.00000000
       3.87999988       3.00000000
       3.88999987       3.00000000
       3.89999986       3.00000000
       3.90999985       3.00000000
       3.91999984       3.00000000
       3.92999983       3.00000000
       3.93999982       3.00000000
       3.94999981       3.00000000
       3.95999980       3.00000000
       3.97000003       3.00000000
       3.98000002       3.00000000
       3.99000001       3.00000000
       4.00000000       3.00000000
       4.00999975       3.00000000
       4.01999998       3.00000000
       4.02999973       3.00000000
       4.03999996       3.00000000
       4.04999971       3.00000000
       4.05999994       3.00000000
       4.06999969       3.00000000
       4.07999992       3.00000000
       4.08999968       3.00000000
       4.09999990       3.00000000
       4.11000013       3.00000000
       4.11999989       3.00000000
       4.13000011       3.00000000
       4.13999987       3.00000000
       4.15000010       3.00000000
       4.15999985       3.00000000
       4.17000008       3.00000000
       4.17999983       3.00000000
       4.19000006       3.00000000
       4.19999981       3.00000000
       4.21000004       3.00000000
       4.21999979       3.00000000
       4.23000002       3.00000000
       4.23999977       3.00000000
       4.25000000       3.00000000
       4.25999975       3.00000000
       4.26999998       3.00000000
       4.27999973       3.00000000
       4.28999996       3.00000000
       4.29999971       3.00000000
       4.30999994       3.00000000
       4.31999969       3.00000000
       4.32999992       3.00000000
       4.33999968       3.00000000
       4.34999990       3.00000000
       4.36000013       3.00000000
       4.36999989       3.00000000
       4.38000011       3.00000000
       4.38999987       3.00000000
       4.40000010       3.00000000
       4.40999985       3.00000000
       4.42000008       3.00000000
       4.42999983       3.00000000
       4.44000006       3.00000000
       4.44999981       3.00000000
       4.46000004       3.00000000
       4.46999979       3.00000000
       4.48000002       3.00000000
       4.48999977       3.00000000
       4.50000000       3.00000000
       4.50999975       3.00000000
       4.51999998       3.00000000
       4.52999973       3.00000000
       4.53999996       3.00000000
       4.54999971       3.00000000
       4.55999994       3.00000000
       4.56999969       3.00000000
       4.57999992       3.00000000
       4.58999968       3.00000000
       4.59999990       3.00000000
       4.61000013       3.00000000
       4.61999989       3.00000000
       4.63000011       3.00000000
       4.63999987       3.00000000
       4.65000010       3.00000000
       4.65999985       3.00000000
       4.67000008       3.00000000
       4.67999983       3.00000000
       4.69000006       3.00000000
       4.69999981       3.00000000
       4.71000004       3.00000000
       4.71999979       3.00000000
       4.73000002       3.00000000
       4.73999977       3.00000000
       4.75000000       3.00000000
       4.75999975       3.00000000
       4.76999998       3.00000000
       4.77999973       3.00000000
       4.78999996       3.00000000
       4.79999971       3.00000000
       4.80999994       3.00000000
       4.81999969       3.00000000
       4.82999992       3.00000000
       4.83999968       3.00000000
       4.84999990       3.00000000
       4.85999966       3.00000000
       4.86999989       3.00000000
       4.88000011       3.00000000
       4.88999987       3.00000000
       4.90000010       3.00000000
       4.90999985       3.00000000
       4.92000008       3.00000000
       4.92999983       3.00000000
       4.94000006       3.00000000
       4.94999981       3.00000000
       4.96000004       3.00000000
       4.96999979       3.00000000
       4.98000002       3.00000000
       4.98999977       3.00000000
       5.00000000       3.00000000
       5.00999975       3.00000000
       5.01999998       3.00000000
       5.02999973       3.00000000
       5.03999996       3.00000000
       5.04999971       3.00000000
       5.05999994       3.00000000
       5.06999969       3.00000000
       5.07999992       3.00000000
       5.08999968       3.00000000
       5.09999990       3.00000000
