       0.01000000       0.90200001
       0.02000000       0.80400002
       0.03000000       0.70600003
       0.04000000       0.60800004
       0.05000000       0.51000005
       0.06000000       0.41200006
       0.07000000       0.31400007
       0.08000000       0.21600007
       0.09000000       0.11800006
       0.09999999       0.02000006
       0.11000000      -0.07799995
       0.12000000      -0.17599995
       0.13000000      -0.27399996
       0.14000000      -0.37199998
       0.14999999      -0.46999997
       0.16000000      -0.56799996
       0.17000000      -0.66599995
       0.17999999      -0.76399994
       0.19000000      -0.86199993
       0.19999999      -0.95999992
       0.20999999      -1.05799997
       0.22000000      -1.15600002
       0.22999999      -1.25400007
       0.23999999      -1.35200012
       0.25000000      -1.45000017
       0.25999999      -1.54800022
       0.26999998      -1.64600027
       0.28000000      -1.74400032
       0.28999999      -1.84200037
       0.29999998      -1.94000041
       0.31000000      -2.03800035
       0.31999999      -2.13600039
       0.32999998      -2.23400044
       0.34000000      -2.33200049
       0.34999999      -2.43000054
       0.35999998      -2.52800059
       0.37000000      -2.62600064
       0.38000000      -2.72400069
       0.38999999      -2.82200074
       0.39999998      -2.92000079
       0.41000000      -3.01800084
       0.41999999      -3.11600089
       0.42999998      -3.21400094
       0.44000000      -3.31200099
       0.44999999      -3.41000104
       0.45999998      -3.50800109
       0.47000000      -3.60600114
       0.47999999      -3.70400119
       0.48999998      -3.80200124
       0.50000000      -3.90000129
       0.50999999      -3.99800134
       0.51999998      -4.09600115
       0.52999997      -4.19400120
       0.53999996      -4.29200125
       0.55000001      -4.39000130
       0.56000000      -4.48800135
       0.56999999      -4.58600140
       0.57999998      -4.68400145
       0.58999997      -4.78200150
       0.59999996      -4.88000154
       0.61000001      -4.97800159
       0.62000000      -5.07600164
       0.63000000      -5.17400169
       0.63999999      -5.27200174
       0.64999998      -5.37000179
       0.65999997      -5.46800184
       0.66999996      -5.56600189
       0.68000001      -5.66400194
       0.69000000      -5.76200199
       0.69999999      -5.86000204
       0.70999998      -5.95800209
       0.71999997      -6.05600214
       0.72999996      -6.15400219
       0.74000001      -6.25200224
       0.75000000      -6.35000229
       0.75999999      -6.44800234
       0.76999998      -6.54600239
       0.77999997      -6.64400244
       0.78999996      -6.74200249
       0.79999995      -6.84000254
       0.81000000      -6.93800259
       0.81999999      -7.03600264
       0.82999998      -7.13400269
       0.83999997      -7.23200274
       0.84999996      -7.33000278
       0.85999995      -7.42800283
       0.87000000      -7.52600288
       0.88000000      -7.62400293
       0.88999999      -7.72200298
       0.89999998      -7.82000303
       0.90999997      -7.91800308
       0.91999996      -8.01600266
       0.93000001      -8.11400223
       0.94000000      -8.21200180
       0.94999999      -8.31000137
       0.95999998      -8.40800095
       0.96999997      -8.50600052
       0.97999996      -8.60400009
       0.98999995      -8.70199966
       1.00000000      -8.79999924
       1.00999999      -8.89799881
       1.01999998      -8.99599838
       1.02999997      -9.09399796
       1.03999996      -9.19199753
       1.04999995      -9.28999710
       1.05999994      -9.38799667
       1.06999993      -9.48599625
       1.07999992      -9.58399582
       1.09000003      -9.68199539
       1.10000002      -9.77999496
       1.11000001      -9.87799454
       1.12000000      -9.97599411
       1.13000000     -10.07399368
       1.13999999     -10.17199326
       1.14999998     -10.26999283
       1.15999997     -10.36799240
       1.16999996     -10.46599197
       1.17999995     -10.56399155
       1.18999994     -10.66199112
       1.19999993     -10.75999069
       1.20999992     -10.85799026
       1.22000003     -10.95598984
       1.23000002     -11.05398941
       1.24000001     -11.15198898
       1.25000000     -11.24998856
       1.25999999     -11.34798813
       1.26999998     -11.44598770
       1.27999997     -11.54398727
       1.28999996     -11.64198685
       1.29999995     -11.73998642
       1.30999994     -11.83798599
       1.31999993     -11.93598557
       1.32999992     -12.03398514
       1.33999991     -12.13198471
       1.35000002     -12.22998428
       1.36000001     -12.32798386
       1.37000000     -12.42598343
       1.38000000     -12.52398300
       1.38999999     -12.62198257
       1.39999998     -12.71998215
       1.40999997     -12.81798172
       1.41999996     -12.91598129
       1.42999995     -13.01398087
       1.43999994     -13.11198044
       1.44999993     -13.20998001
       1.45999992     -13.30797958
       1.46999991     -13.40597916
       1.48000002     -13.50397873
       1.49000001     -13.60197830
       1.50000000     -13.69997787
       1.50999999     -13.79797745
       1.51999998     -13.89597702
       1.52999997     -13.99397659
       1.53999996     -14.09197617
       1.54999995     -14.18997574
       1.55999994     -14.28797531
       1.56999993     -14.38597488
       1.57999992     -14.48397446
       1.58999991     -14.58197403
       1.59999990     -14.67997360
       1.61000001     -14.77797318
       1.62000000     -14.87597275
       1.63000000     -14.97397232
       1.63999999     -15.07197189
       1.64999998     -15.16997147
       1.65999997     -15.26797104
       1.66999996     -15.36597061
       1.67999995     -15.46397018
       1.68999994     -15.56196976
       1.69999993     -15.65996933
       1.70999992     -15.75796890
       1.71999991     -15.85596848
       1.73000002     -15.95396805
       1.74000001     -16.05196762
       1.75000000     -16.14996719
       1.75999999     -16.24796677
       1.76999998     -16.34596634
       1.77999997     -16.44396591
       1.78999996     -16.54196548
       1.79999995     -16.63996506
       1.80999994     -16.73796463
       1.81999993     -16.83596420
       1.82999992     -16.93396378
       1.83999991     -17.03196335
       1.84999990     -17.12996292
       1.86000001     -17.22796249
       1.87000000     -17.32596207
       1.88000000     -17.42396164
       1.88999999     -17.52196121
       1.89999998     -17.61996078
       1.90999997     -17.71796036
       1.91999996     -17.81595993
       1.92999995     -17.91395950
       1.93999994     -18.01195908
       1.94999993     -18.10995865
       1.95999992     -18.20795822
       1.96999991     -18.30595779
       1.97999990     -18.40395737
       1.99000001     -18.50195694
       2.00000000     -18.59995651
       2.00999999     -18.69795609
       2.01999998     -18.79595566
       2.02999997     -18.89395523
       2.03999996     -18.99195480
       2.04999995     -19.08995438
       2.05999994     -19.18795395
       2.06999993     -19.28595352
       2.07999992     -19.38395309
       2.08999991     -19.48195267
       2.09999990     -19.57995224
       2.10999990     -19.67795181
       2.11999989     -19.77595139
       2.12999988     -19.87395096
       2.13999987     -19.97195053
       2.14999986     -20.06995010
       2.15999985     -20.16794968
       2.16999984     -20.26594925
       2.18000007     -20.36394882
       2.19000006     -20.46194839
       2.20000005     -20.55994797
       2.21000004     -20.65794754
       2.22000003     -20.75594711
       2.23000002     -20.85394669
       2.24000001     -20.95194626
       2.25000000     -21.04994583
       2.25999999     -21.14794540
       2.26999998     -21.24594498
       2.27999997     -21.34394455
       2.28999996     -21.44194412
       2.29999995     -21.53994370
       2.30999994     -21.63794327
       2.31999993     -21.73594284
       2.32999992     -21.83394241
       2.33999991     -21.93194199
       2.34999990     -22.02994156
       2.35999990     -22.12794113
       2.36999989     -22.22594070
       2.37999988     -22.32394028
       2.38999987     -22.42193985
       2.39999986     -22.51993942
       2.40999985     -22.61793900
       2.41999984     -22.71593857
       2.42999983     -22.81393814
       2.44000006     -22.91193771
       2.45000005     -23.00993729
       2.46000004     -23.10793686
       2.47000003     -23.20593643
       2.48000002     -23.30393600
       2.49000001     -23.40193558
       2.50000000     -23.49993515
       2.50999999     -23.59793472
       2.51999998     -23.69593430
       2.52999997     -23.79393387
       2.53999996     -23.89193344
       2.54999995     -23.98993301
       2.55999994     -24.08793259
       2.56999993     -24.18593216
       2.57999992     -24.28393173
       2.58999991     -24.38193130
       2.59999990     -24.47993088
       2.60999990     -24.57793045
       2.61999989     -24.67593002
       2.62999988     -24.77392960
       2.63999987     -24.87192917
       2.64999986     -24.96992874
       2.65999985     -25.06792831
       2.66999984     -25.16592789
       2.67999983     -25.26392746
       2.69000006     -25.36192703
       2.70000005     -25.45992661
       2.71000004     -25.55792618
       2.72000003     -25.65592575
       2.73000002     -25.75392532
       2.74000001     -25.85192490
       2.75000000     -25.94992447
       2.75999999     -26.04792404
       2.76999998     -26.14592361
       2.77999997     -26.24392319
       2.78999996     -26.34192276
       2.79999995     -26.43992233
       2.80999994     -26.53792191
       2.81999993     -26.63592148
       2.82999992     -26.73392105
       2.83999991     -26.83192062
       2.84999990     -26.92992020
       2.85999990     -27.02791977
       2.86999989     -27.12591934
       2.87999988     -27.22391891
       2.88999987     -27.32191849
       2.89999986     -27.41991806
       2.90999985     -27.51791763
       2.91999984     -27.61591721
       2.92999983     -27.71391678
       2.93999982     -27.81191635
       2.95000005     -27.90991592
       2.96000004     -28.00791550
       2.97000003     -28.10591507
       2.98000002     -28.20391464
       2.99000001     -28.30191422
       3.00000000     -28.39991379
       3.00999999     -28.49791336
       3.01999998     -28.59591293
       3.02999997     -28.69391251
       3.03999996     -28.79191208
       3.04999995     -28.88991165
       3.05999994     -28.98791122
       3.06999993     -29.08591080
       3.07999992     -29.18391037
       3.08999991     -29.28190994
       3.09999990     -29.37990952
       3.10999990     -29.47790909
       3.11999989     -29.57590866
       3.12999988     -29.67390823
       3.13999987     -29.77190781
       3.14999986     -29.86990738
       3.15999985     -29.96790695
       3.16999984     -30.06590652
       3.17999983     -30.16390610
       3.18999982     -30.26190567
       3.19999981     -30.35990524
       3.21000004     -30.45790482
       3.22000003     -30.55590439
       3.23000002     -30.65390396
       3.24000001     -30.75190353
       3.25000000     -30.84990311
       3.25999999     -30.94790268
       3.26999998     -31.04590225
       3.27999997     -31.14390182
       3.28999996     -31.24190140
       3.29999995     -31.33990097
       3.30999994     -31.43790054
       3.31999993     -31.53590012
       3.32999992     -31.63389969
       3.33999991     -31.73189926
       3.34999990     -31.82989883
       3.35999990     -31.92789841
       3.36999989     -32.02589798
       3.37999988     -32.12389755
       3.38999987     -32.22189713
       3.39999986     -32.31989670
       3.40999985     -32.41789627
       3.41999984     -32.51589584
       3.42999983     -32.61389542
       3.43999982     -32.71189499
       3.44999981     -32.80989456
       3.46000004     -32.90789413
       3.47000003     -33.00589371
       3.48000002     -33.10389328
       3.49000001     -33.20189285
       3.50000000     -33.29989243
       3.50999999     -33.39789200
       3.51999998     -33.49589157
       3.52999997     -33.59389114
       3.53999996     -33.69189072
       3.54999995     -33.78989029
       3.55999994     -33.88788986
       3.56999993     -33.98588943
       3.57999992     -34.08388901
       3.58999991     -34.18188858
       3.59999990     -34.27988815
       3.60999990     -34.37788773
       3.61999989     -34.47588730
       3.62999988     -34.57388687
       3.63999987     -34.67188644
       3.64999986     -34.76988602
       3.65999985     -34.86788559
       3.66999984     -34.96588516
       3.67999983     -35.06388474
       3.68999982     -35.16188431
       3.69999981     -35.25988388
       3.70999980     -35.35788345
       3.72000003     -35.45588303
       3.73000002     -35.55388260
       3.74000001     -35.65188217
       3.75000000     -35.74988174
       3.75999999     -35.84788132
       3.76999998     -35.94588089
       3.77999997     -36.04388046
       3.78999996     -36.14188004
       3.79999995     -36.23987961
       3.80999994     -36.33787918
       3.81999993     -36.43587875
       3.82999992     -36.53387833
       3.83999991     -36.63187790
       3.84999990     -36.72987747
       3.85999990     -36.82787704
       3.86999989     -36.92587662
       3.87999988     -37.02387619
       3.88999987     -37.12187576
       3.89999986     -37.21987534
       3.90999985     -37.31787491
       3.91999984     -37.41587448
       3.92999983     -37.51387405
       3.93999982     -37.61187363
       3.94999981     -37.70987320
       3.95999980     -37.80787277
       3.97000003     -37.90587234
       3.98000002     -38.00387192
       3.99000001     -38.10187149
       4.00000000     -38.19987106
       4.00999975     -38.29787064
       4.01999998     -38.39587021
       4.02999973     -38.49386978
       4.03999996     -38.59186935
       4.04999971     -38.68986893
       4.05999994     -38.78786850
       4.06999969     -38.88586807
       4.07999992     -38.98386765
       4.08999968     -39.08186722
       4.09999990     -39.17986679
       4.11000013     -39.27786636
       4.11999989     -39.37586594
       4.13000011     -39.47386551
       4.13999987     -39.57186508
       4.15000010     -39.66986465
       4.15999985     -39.76786423
       4.17000008     -39.86586380
       4.17999983     -39.96386337
       4.19000006     -40.06186295
       4.19999981     -40.15986252
       4.21000004     -40.25786209
       4.21999979     -40.35586166
       4.23000002     -40.45386124
       4.23999977     -40.55186081
       4.25000000     -40.64986038
       4.25999975     -40.74785995
       4.26999998     -40.84585953
       4.27999973     -40.94385910
       4.28999996     -41.04185867
       4.29999971     -41.13985825
       4.30999994     -41.23785782
       4.31999969     -41.33585739
       4.32999992     -41.43385696
       4.33999968     -41.53185654
       4.34999990     -41.62985611
       4.36000013     -41.72785568
       4.36999989     -41.82585526
       4.38000011     -41.92385483
       4.38999987     -42.02185440
       4.40000010     -42.11985397
       4.40999985     -42.21785355
       4.42000008     -42.31585312
       4.42999983     -42.41385269
       4.44000006     -42.51185226
       4.44999981     -42.60985184
       4.46000004     -42.70785141
       4.46999979     -42.80585098
       4.48000002     -42.90385056
       4.48999977     -43.00185013
       4.50000000     -43.09984970
       4.50999975     -43.19784927
       4.51999998     -43.29584885
       4.52999973     -43.39384842
       4.53999996     -43.49184799
       4.54999971     -43.58984756
       4.55999994     -43.68784714
       4.56999969     -43.78584671
       4.57999992     -43.88384628
       4.58999968     -43.98184586
       4.59999990     -44.07984543
       4.61000013     -44.17784500
       4.61999989     -44.27584457
       4.63000011     -44.37384415
       4.63999987     -44.47184372
       4.65000010     -44.56984329
       4.65999985     -44.66784286
       4.67000008     -44.76584244
       4.67999983     -44.86384201
       4.69000006     -44.96184158
       4.69999981     -45.05984116
       4.71000004     -45.15784073
       4.71999979     -45.25584030
       4.73000002     -45.35383987
       4.73999977     -45.45183945
       4.75000000     -45.54983902
       4.75999975     -45.64783859
       4.76999998     -45.74583817
       4.77999973     -45.84383774
       4.78999996     -45.94183731
       4.79999971     -46.03983688
       4.80999994     -46.13783646
       4.81999969     -46.23583603
       4.82999992     -46.33383560
       4.83999968     -46.43183517
       4.84999990     -46.52983475
       4.85999966     -46.62783432
       4.86999989     -46.72583389
       4.88000011     -46.82383347
       4.88999987     -46.92183304
       4.90000010     -47.01983261
       4.90999985     -47.11783218
       4.92000008     -47.21583176
       4.92999983     -47.31383133
       4.94000006     -47.41183090
       4.94999981     -47.50983047
       4.96000004     -47.60783005
       4.96999979     -47.70582962
       4.98000002     -47.80382919
       4.98999977     -47.90182877
       5.00000000     -47.99982834
       5.00999975     -48.09782791
       5.01999998     -48.19582748
       5.02999973     -48.29382706
       5.03999996     -48.39182663
       5.04999971     -48.48982620
       5.05999994     -48.58782578
       5.06999969     -48.68582535
       5.07999992     -48.78382492
       5.08999968     -48.88182449
       5.09999990     -48.97982407
