       0.01000000       0.00951000
       0.02000000       0.01804000
       0.03000000       0.02559000
       0.04000000       0.03216000
       0.05000000       0.03775000
       0.06000000       0.04236000
       0.07000000       0.04599000
       0.08000000       0.04864000
       0.09000000       0.05031000
       0.09999999       0.05100000
       0.11000000       0.05071000
       0.12000000       0.04944000
       0.13000000       0.04719000
       0.14000000       0.04396001
       0.14999999       0.03975001
       0.16000000       0.03456001
       0.17000000       0.02839001
       0.17999999       0.02124001
       0.19000000       0.01311001
       0.19999999       0.00400001
       0.20999999      -0.00608999
       0.22000000      -0.01715999
       0.22999999      -0.02921000
       0.23999999      -0.04224000
       0.25000000      -0.05625000
       0.25999999      -0.07124000
       0.26999998      -0.08721000
       0.28000000      -0.10416000
       0.28999999      -0.12209001
       0.29999998      -0.14100002
       0.31000000      -0.16089003
       0.31999999      -0.18176003
       0.32999998      -0.20361003
       0.34000000      -0.22644004
       0.34999999      -0.25025004
       0.35999998      -0.27504003
       0.37000000      -0.30081004
       0.38000000      -0.32756004
       0.38999999      -0.35529006
       0.39999998      -0.38400006
       0.41000000      -0.41369006
       0.41999999      -0.44436008
       0.42999998      -0.47601008
       0.44000000      -0.50864011
       0.44999999      -0.54225010
       0.45999998      -0.57684010
       0.47000000      -0.61241013
       0.47999999      -0.64896011
       0.48999998      -0.68649012
       0.50000000      -0.72500014
       0.50999999      -0.76449013
       0.51999998      -0.80496013
       0.52999997      -0.84641016
       0.53999996      -0.88884020
       0.55000001      -0.93225020
       0.56000000      -0.97664022
       0.56999999      -1.02201021
       0.57999998      -1.06836021
       0.58999997      -1.11569023
       0.59999996      -1.16400027
       0.61000001      -1.21329033
       0.62000000      -1.26356030
       0.63000000      -1.31481028
       0.63999999      -1.36704028
       0.64999998      -1.42025030
       0.65999997      -1.47444034
       0.66999996      -1.52961040
       0.68000001      -1.58576035
       0.69000000      -1.64289033
       0.69999999      -1.70100033
       0.70999998      -1.76009035
       0.71999997      -1.82016039
       0.72999996      -1.88121045
       0.74000001      -1.94324052
       0.75000000      -2.00625062
       0.75999999      -2.07024074
       0.76999998      -2.13521075
       0.77999997      -2.20116067
       0.78999996      -2.26809072
       0.79999995      -2.33600068
       0.81000000      -2.40489078
       0.81999999      -2.47476077
       0.82999998      -2.54561090
       0.83999997      -2.61744094
       0.84999996      -2.69025087
       0.85999995      -2.76404095
       0.87000000      -2.83881092
       0.88000000      -2.91456103
       0.88999999      -2.99129105
       0.89999998      -3.06900120
       0.90999997      -3.14769125
       0.91999996      -3.22736120
       0.93000001      -3.30801129
       0.94000000      -3.38964128
       0.94999999      -3.47225142
       0.95999998      -3.55584145
       0.96999997      -3.64041138
       0.97999996      -3.72596145
       0.98999995      -3.81249142
       1.00000000      -3.90000153
       1.00999999      -3.98849154
       1.01999998      -4.07796144
       1.02999997      -4.16841125
       1.03999996      -4.25984144
       1.04999995      -4.35225153
       1.05999994      -4.44564152
       1.06999993      -4.54001141
       1.07999992      -4.63536119
       1.09000003      -4.73169136
       1.10000002      -4.82900143
       1.11000001      -4.92729139
       1.12000000      -5.02656126
       1.13000000      -5.12681103
       1.13999999      -5.22804117
       1.14999998      -5.33025122
       1.15999997      -5.43344116
       1.16999996      -5.53761101
       1.17999995      -5.64276075
       1.18999994      -5.74889088
       1.19999993      -5.85600090
       1.20999992      -5.96409082
       1.22000003      -6.07316065
       1.23000002      -6.18321037
       1.24000001      -6.29424047
       1.25000000      -6.40625048
       1.25999999      -6.51924038
       1.26999998      -6.63321018
       1.27999997      -6.74815989
       1.28999996      -6.86408997
       1.29999995      -6.98099995
       1.30999994      -7.09888983
       1.31999993      -7.21775961
       1.32999992      -7.33760929
       1.33999991      -7.45843935
       1.35000002      -7.58024931
       1.36000001      -7.70303917
       1.37000000      -7.82680893
       1.38000000      -7.95155859
       1.38999999      -8.07728863
       1.39999998      -8.20399857
       1.40999997      -8.33168793
       1.41999996      -8.46035767
       1.42999995      -8.59000778
       1.43999994      -8.72063732
       1.44999993      -8.85224724
       1.45999992      -8.98483658
       1.46999991      -9.11840630
       1.48000002      -9.25295639
       1.49000001      -9.38848591
       1.50000000      -9.52499580
       1.50999999      -9.66248512
       1.51999998      -9.80095482
       1.52999997      -9.94040489
       1.53999996     -10.08083439
       1.54999995     -10.22224426
       1.55999994     -10.36463356
       1.56999993     -10.50800323
       1.57999992     -10.65235329
       1.58999991     -10.79768276
       1.59999990     -10.94399261
       1.61000001     -11.09128189
       1.62000000     -11.23955154
       1.63000000     -11.38880157
       1.63999999     -11.53903103
       1.64999998     -11.69024086
       1.65999997     -11.84243011
       1.66999996     -11.99559975
       1.67999995     -12.14974976
       1.68999994     -12.30487919
       1.69999993     -12.46098900
       1.70999992     -12.61807823
       1.71999991     -12.77614784
       1.73000002     -12.93519783
       1.74000001     -13.09522724
       1.75000000     -13.25623703
       1.75999999     -13.41822624
       1.76999998     -13.58119583
       1.77999997     -13.74514580
       1.78999996     -13.91007519
       1.79999995     -14.07598495
       1.80999994     -14.24287415
       1.81999993     -14.41074371
       1.82999992     -14.57959366
       1.83999991     -14.74942303
       1.84999990     -14.92023277
       1.86000001     -15.09202194
       1.87000000     -15.26479149
       1.88000000     -15.43854141
       1.88999999     -15.61327076
       1.89999998     -15.78898048
       1.90999997     -15.96566963
       1.91999996     -16.14333916
       1.92999995     -16.32198906
       1.93999994     -16.50161934
       1.94999993     -16.68222809
       1.95999992     -16.86381721
       1.96999991     -17.04638672
       1.97999990     -17.22993660
       1.99000001     -17.41446686
       2.00000000     -17.59997559
       2.00999999     -17.78646469
       2.01999998     -17.97393417
       2.02999997     -18.16238403
       2.03999996     -18.35181427
       2.04999995     -18.54222298
       2.05999994     -18.73361206
       2.06999993     -18.92598152
       2.07999992     -19.11933136
       2.08999991     -19.31366158
       2.09999990     -19.50897026
       2.10999990     -19.70525932
       2.11999989     -19.90252876
       2.12999988     -20.10077858
       2.13999987     -20.30000877
       2.14999986     -20.50021744
       2.15999985     -20.70140648
       2.16999984     -20.90357590
       2.18000007     -21.10672569
       2.19000006     -21.31085587
       2.20000005     -21.51596451
       2.21000004     -21.72205353
       2.22000003     -21.92912292
       2.23000002     -22.13717270
       2.24000001     -22.34620285
       2.25000000     -22.55621147
       2.25999999     -22.76720047
       2.26999998     -22.97916985
       2.27999997     -23.19211960
       2.28999996     -23.40604973
       2.29999995     -23.62095833
       2.30999994     -23.83684731
       2.31999993     -24.05371666
       2.32999992     -24.27156639
       2.33999991     -24.49039650
       2.34999990     -24.71020508
       2.35999990     -24.93099403
       2.36999989     -25.15276337
       2.37999988     -25.37551308
       2.38999987     -25.59924316
       2.39999986     -25.82395172
       2.40999985     -26.04964066
       2.41999984     -26.27630997
       2.42999983     -26.50395966
       2.44000006     -26.73258972
       2.45000005     -26.96219826
       2.46000004     -27.19278717
       2.47000003     -27.42435646
       2.48000002     -27.65690613
       2.49000001     -27.89043617
       2.50000000     -28.12494469
       2.50999999     -28.36043358
       2.51999998     -28.59690285
       2.52999997     -28.83435249
       2.53999996     -29.07278252
       2.54999995     -29.31219101
       2.55999994     -29.55257988
       2.56999993     -29.79394913
       2.57999992     -30.03629875
       2.58999991     -30.27962875
       2.59999990     -30.52393723
       2.60999990     -30.76922607
       2.61999989     -31.01549530
       2.62999988     -31.26274490
       2.63999987     -31.51097488
       2.64999986     -31.76018333
       2.65999985     -32.01037216
       2.66999984     -32.26154327
       2.67999983     -32.51369095
       2.69000006     -32.76681900
       2.70000005     -33.02092743
       2.71000004     -33.27601624
       2.72000003     -33.53208542
       2.73000002     -33.78913498
       2.74000001     -34.04716492
       2.75000000     -34.30617523
       2.75999999     -34.56616592
       2.76999998     -34.82713699
       2.77999997     -35.08908463
       2.78999996     -35.35201263
       2.79999995     -35.61592102
       2.80999994     -35.88080978
       2.81999993     -36.14667892
       2.82999992     -36.41352844
       2.83999991     -36.68135834
       2.84999990     -36.95016861
       2.85999990     -37.21995926
       2.86999989     -37.49073029
       2.87999988     -37.76247787
       2.88999987     -38.03520584
       2.89999986     -38.30891418
       2.90999985     -38.58360291
       2.91999984     -38.85927200
       2.92999983     -39.13592148
       2.93999982     -39.41355133
       2.95000005     -39.69216156
       2.96000004     -39.97175217
       2.97000003     -40.25232315
       2.98000002     -40.53387070
       2.99000001     -40.81639862
       3.00000000     -41.09990692
       3.00999999     -41.38439560
       3.01999998     -41.66986465
       3.02999997     -41.95631409
       3.03999996     -42.24374390
       3.04999995     -42.53215408
       3.05999994     -42.82154465
       3.06999993     -43.11191559
       3.07999992     -43.40326309
       3.08999991     -43.69559097
       3.09999990     -43.98889923
       3.10999990     -44.28318787
       3.11999989     -44.57845688
       3.12999988     -44.87470627
       3.13999987     -45.17193604
       3.14999986     -45.47014618
       3.15999985     -45.76933670
       3.16999984     -46.06950760
       3.17999983     -46.37065506
       3.18999982     -46.67278290
       3.19999981     -46.97589111
       3.21000004     -47.27997971
       3.22000003     -47.58504868
       3.23000002     -47.89109802
       3.24000001     -48.19812775
       3.25000000     -48.50613785
       3.25999999     -48.81512833
       3.26999998     -49.12509918
       3.27999997     -49.43604660
       3.28999996     -49.74797440
       3.29999995     -50.06088257
       3.30999994     -50.37477112
       3.31999993     -50.68964005
       3.32999992     -51.00548935
       3.33999991     -51.32231903
       3.34999990     -51.64012909
       3.35999990     -51.95891953
       3.36999989     -52.27869034
       3.37999988     -52.59943771
       3.38999987     -52.92116547
       3.39999986     -53.24387360
       3.40999985     -53.56756210
       3.41999984     -53.89223099
       3.42999983     -54.21788025
       3.43999982     -54.54450989
       3.44999981     -54.87211990
       3.46000004     -55.20071030
       3.47000003     -55.53028107
       3.48000002     -55.86082840
       3.49000001     -56.19235611
       3.50000000     -56.52486420
       3.50999999     -56.85835266
       3.51999998     -57.19282150
       3.52999997     -57.52827072
       3.53999996     -57.86470032
       3.54999995     -58.20211029
       3.55999994     -58.54050064
       3.56999993     -58.87987137
       3.57999992     -59.22021866
       3.58999991     -59.56154633
       3.59999990     -59.90385437
       3.60999990     -60.24714279
       3.61999989     -60.59141159
       3.62999988     -60.93666077
       3.63999987     -61.28289032
       3.64999986     -61.63010025
       3.65999985     -61.97829056
       3.66999984     -62.32746124
       3.67999983     -62.67760849
       3.68999982     -63.02873611
       3.69999981     -63.38084412
       3.70999980     -63.73393250
       3.72000003     -64.08800507
       3.73000002     -64.44305420
       3.74000001     -64.79907990
       3.75000000     -65.15608978
       3.75999999     -65.51407623
       3.76999998     -65.87304687
       3.77999997     -66.23299408
       3.78999996     -66.59392548
       3.79999995     -66.95583344
       3.80999994     -67.31872559
       3.81999993     -67.68259430
       3.82999992     -68.04743958
       3.83999991     -68.41326904
       3.84999990     -68.78007507
       3.85999990     -69.14786530
       3.86999989     -69.51663208
       3.87999988     -69.88638306
       3.88999987     -70.25711060
       3.89999986     -70.62882233
       3.90999985     -71.00151062
       3.91999984     -71.37518311
       3.92999983     -71.74983215
       3.93999982     -72.12545776
       3.94999981     -72.50206757
       3.95999980     -72.87965393
       3.97000003     -73.25822449
       3.98000002     -73.63777161
       3.99000001     -74.01830292
       4.00000000     -74.39981079
       4.00999975     -74.78230286
       4.01999998     -75.16577148
       4.02999973     -75.55021667
       4.03999996     -75.93564606
       4.04999971     -76.32205200
       4.05999994     -76.70944214
       4.06999969     -77.09780884
       4.07999992     -77.48715973
       4.08999968     -77.87748718
       4.09999990     -78.26879883
       4.11000013     -78.66108704
       4.11999989     -79.05435944
       4.13000011     -79.44860840
       4.13999987     -79.84383392
       4.15000010     -80.24004364
       4.15999985     -80.63722992
       4.17000008     -81.03540039
       4.17999983     -81.43454742
       4.19000006     -81.83467865
       4.19999981     -82.23578644
       4.21000004     -82.63787842
       4.21999979     -83.04094696
       4.23000002     -83.44499207
       4.23999977     -83.85002136
       4.25000000     -84.25602722
       4.25999975     -84.66301727
       4.26999998     -85.07098389
       4.27999973     -85.47993469
       4.28999996     -85.88986206
       4.29999971     -86.30077362
       4.30999994     -86.71266174
       4.31999969     -87.12553406
       4.32999992     -87.53938293
       4.33999968     -87.95420837
       4.34999990     -88.37001801
       4.36000013     -88.78680420
       4.36999989     -89.20457458
       4.38000011     -89.62332153
       4.38999987     -90.04305267
       4.40000010     -90.46376038
       4.40999985     -90.88545227
       4.42000008     -91.30812073
       4.42999983     -91.73176575
       4.44000006     -92.15639496
       4.44999981     -92.58200073
       4.46000004     -93.00859070
       4.46999979     -93.43615723
       4.48000002     -93.86470795
       4.48999977     -94.29423523
       4.50000000     -94.72474670
       4.50999975     -95.15623474
       4.51999998     -95.58870697
       4.52999973     -96.02215576
       4.53999996     -96.45658112
       4.54999971     -96.89199066
       4.55999994     -97.32837677
       4.56999969     -97.76574707
       4.57999992     -98.20409393
       4.58999968     -98.64342499
       4.59999990     -99.08373260
       4.61000013     -99.52502441
       4.61999989     -99.96729279
       4.63000011    -100.41053772
       4.63999987    -100.85476685
       4.65000010    -101.29997253
       4.65999985    -101.74616241
       4.67000008    -102.19332886
       4.67999983    -102.64147949
       4.69000006    -103.09060669
       4.69999981    -103.54071808
       4.71000004    -103.99180603
       4.71999979    -104.44387817
       4.73000002    -104.89692688
       4.73999977    -105.35095215
       4.75000000    -105.80596161
       4.75999975    -106.26194763
       4.76999998    -106.71891785
       4.77999973    -107.17686462
       4.78999996    -107.63579559
       4.79999971    -108.09570313
       4.80999994    -108.55659485
       4.81999969    -109.01846313
       4.82999992    -109.48130798
       4.83999968    -109.94513702
       4.84999990    -110.40994263
       4.85999966    -110.87573242
       4.86999989    -111.34249878
       4.88000011    -111.81024933
       4.88999987    -112.27897644
       4.90000010    -112.74868774
       4.90999985    -113.21937561
       4.92000008    -113.69104767
       4.92999983    -114.16369629
       4.94000006    -114.63732147
       4.94999981    -115.11193085
       4.96000004    -115.58751678
       4.96999979    -116.06408691
       4.98000002    -116.54163361
       4.98999977    -117.02016449
       5.00000000    -117.49967194
       5.00999975    -117.98016357
       5.01999998    -118.46163177
       5.02999973    -118.94407654
       5.03999996    -119.42750549
       5.04999971    -119.91191101
       5.05999994    -120.39730072
       5.06999969    -120.88366699
       5.07999992    -121.37101746
       5.08999968    -121.85934448
       5.09999990    -122.34865570
