     1.000000E-03    9.951001E-04
     2.000000E-03    1.980400E-03
     3.000000E-03    2.955900E-03
     4.000000E-03    3.921600E-03
     5.000000E-03    4.877500E-03
     6.000001E-03    5.823600E-03
     7.000001E-03    6.759900E-03
     8.000000E-03    7.686400E-03
     9.000001E-03    8.603100E-03
     1.000000E-02    9.509999E-03
     1.100000E-02    1.040710E-02
     1.200000E-02    1.129440E-02
     1.300000E-02    1.217190E-02
     1.400000E-02    1.303960E-02
     1.500000E-02    1.389750E-02
     1.600000E-02    1.474560E-02
     1.700000E-02    1.558390E-02
     1.800000E-02    1.641240E-02
     1.900000E-02    1.723110E-02
     2.000000E-02    1.804000E-02
     2.100000E-02    1.883910E-02
     2.200000E-02    1.962840E-02
     2.300000E-02    2.040790E-02
     2.400000E-02    2.117760E-02
     2.500000E-02    2.193750E-02
     2.600000E-02    2.268760E-02
     2.700000E-02    2.342789E-02
     2.800000E-02    2.415839E-02
     2.900000E-02    2.487909E-02
     3.000000E-02    2.558999E-02
     3.100000E-02    2.629109E-02
     3.200000E-02    2.698239E-02
     3.300000E-02    2.766389E-02
     3.400000E-02    2.833559E-02
     3.500000E-02    2.899749E-02
     3.599999E-02    2.964959E-02
     3.699999E-02    3.029189E-02
     3.799999E-02    3.092439E-02
     3.899999E-02    3.154709E-02
     3.999999E-02    3.215999E-02
     4.099999E-02    3.276309E-02
     4.199998E-02    3.335639E-02
     4.299998E-02    3.393989E-02
     4.399998E-02    3.451359E-02
     4.499998E-02    3.507749E-02
     4.599998E-02    3.563159E-02
     4.699998E-02    3.617589E-02
     4.799997E-02    3.671039E-02
     4.899997E-02    3.723509E-02
     4.999997E-02    3.774999E-02
     5.099997E-02    3.825509E-02
     5.199997E-02    3.875039E-02
     5.299997E-02    3.923589E-02
     5.399996E-02    3.971159E-02
     5.499996E-02    4.017749E-02
     5.599996E-02    4.063359E-02
     5.699996E-02    4.107989E-02
     5.799996E-02    4.151639E-02
     5.899996E-02    4.194308E-02
     5.999995E-02    4.235999E-02
     6.099995E-02    4.276709E-02
     6.199995E-02    4.316438E-02
     6.299995E-02    4.355188E-02
     6.399995E-02    4.392958E-02
     6.499995E-02    4.429748E-02
     6.599995E-02    4.465558E-02
     6.699996E-02    4.500388E-02
     6.799996E-02    4.534238E-02
     6.899996E-02    4.567108E-02
     6.999996E-02    4.598998E-02
     7.099997E-02    4.629908E-02
     7.199997E-02    4.659838E-02
     7.299997E-02    4.688788E-02
     7.399997E-02    4.716758E-02
     7.499997E-02    4.743748E-02
     7.599998E-02    4.769758E-02
     7.699998E-02    4.794788E-02
     7.799998E-02    4.818838E-02
     7.899998E-02    4.841908E-02
     7.999998E-02    4.863998E-02
     8.099999E-02    4.885108E-02
     8.199999E-02    4.905238E-02
     8.299999E-02    4.924388E-02
     8.399999E-02    4.942558E-02
     8.499999E-02    4.959748E-02
     8.600000E-02    4.975958E-02
     8.700000E-02    4.991188E-02
     8.800000E-02    5.005438E-02
     8.900000E-02    5.018708E-02
     9.000000E-02    5.030998E-02
     9.100001E-02    5.042308E-02
     9.200001E-02    5.052638E-02
     9.300001E-02    5.061988E-02
     9.400001E-02    5.070358E-02
     9.500001E-02    5.077748E-02
     9.600002E-02    5.084158E-02
     9.700002E-02    5.089588E-02
     9.800002E-02    5.094038E-02
     9.900002E-02    5.097508E-02
     0.100000        5.099998E-02
     0.101000        5.101508E-02
     0.102000        5.102038E-02
     0.103000        5.101588E-02
     0.104000        5.100157E-02
     0.105000        5.097748E-02
     0.106000        5.094358E-02
     0.107000        5.089987E-02
     0.108000        5.084638E-02
     0.109000        5.078308E-02
     0.110000        5.070997E-02
     0.111000        5.062708E-02
     0.112000        5.053438E-02
     0.113000        5.043187E-02
     0.114000        5.031957E-02
     0.115000        5.019747E-02
     0.116000        5.006557E-02
     0.117000        4.992387E-02
     0.118000        4.977237E-02
     0.119000        4.961107E-02
     0.120000        4.943997E-02
     0.121000        4.925907E-02
     0.122000        4.906837E-02
     0.123000        4.886787E-02
     0.124000        4.865757E-02
     0.125000        4.843747E-02
     0.126000        4.820757E-02
     0.127000        4.796787E-02
     0.128000        4.771837E-02
     0.129000        4.745907E-02
     0.130000        4.718997E-02
     0.131000        4.691107E-02
     0.132000        4.662237E-02
     0.133000        4.632387E-02
     0.134000        4.601557E-02
     0.135000        4.569747E-02
     0.136000        4.536957E-02
     0.137000        4.503187E-02
     0.138000        4.468437E-02
     0.139000        4.432707E-02
     0.140000        4.395997E-02
     0.141000        4.358307E-02
     0.142000        4.319637E-02
     0.143000        4.279987E-02
     0.144000        4.239357E-02
     0.145000        4.197747E-02
     0.146000        4.155157E-02
     0.147000        4.111587E-02
     0.148000        4.067037E-02
     0.149000        4.021507E-02
     0.150000        3.974997E-02
     0.151000        3.927507E-02
     0.152000        3.879037E-02
     0.153000        3.829587E-02
     0.154000        3.779157E-02
     0.155000        3.727747E-02
     0.156000        3.675357E-02
     0.157000        3.621987E-02
     0.158000        3.567637E-02
     0.159000        3.512307E-02
     0.160000        3.455997E-02
     0.161000        3.398707E-02
     0.162000        3.340437E-02
     0.163000        3.281187E-02
     0.164000        3.220957E-02
     0.165000        3.159747E-02
     0.166000        3.097557E-02
     0.167000        3.034387E-02
     0.168000        2.970237E-02
     0.169000        2.905107E-02
     0.170000        2.838997E-02
     0.171000        2.771907E-02
     0.172000        2.703837E-02
     0.173000        2.634787E-02
     0.174000        2.564757E-02
     0.175000        2.493747E-02
     0.176000        2.421757E-02
     0.177000        2.348787E-02
     0.178000        2.274837E-02
     0.179000        2.199906E-02
     0.180000        2.123996E-02
     0.181000        2.047106E-02
     0.182000        1.969236E-02
     0.183000        1.890386E-02
     0.184000        1.810556E-02
     0.185000        1.729746E-02
     0.186000        1.647956E-02
     0.187000        1.565186E-02
     0.188000        1.481436E-02
     0.189000        1.396706E-02
     0.190000        1.310996E-02
     0.191000        1.224306E-02
     0.192000        1.136636E-02
     0.193000        1.047985E-02
     0.194000        9.583553E-03
     0.195000        8.677453E-03
     0.196000        7.761552E-03
     0.197000        6.835851E-03
     0.198000        5.900350E-03
     0.199000        4.955049E-03
     0.200000        3.999948E-03
     0.201000        3.035046E-03
     0.202000        2.060345E-03
     0.203000        1.075844E-03
     0.204000        8.154300E-05
     0.205000       -9.225582E-04
     0.206000       -1.936460E-03
     0.207000       -2.960161E-03
     0.208000       -3.993662E-03
     0.209000       -5.036963E-03
     0.210000       -6.090064E-03
     0.211000       -7.152965E-03
     0.212000       -8.225666E-03
     0.213000       -9.308167E-03
     0.214000       -1.040047E-02
     0.215000       -1.150257E-02
     0.216000       -1.261447E-02
     0.217000       -1.373617E-02
     0.218000       -1.486767E-02
     0.219000       -1.600897E-02
     0.220000       -1.716007E-02
     0.221000       -1.832097E-02
     0.222000       -1.949167E-02
     0.223000       -2.067217E-02
     0.224000       -2.186247E-02
     0.225000       -2.306257E-02
     0.226000       -2.427247E-02
     0.227000       -2.549217E-02
     0.228000       -2.672167E-02
     0.229000       -2.796097E-02
     0.230000       -2.921008E-02
     0.231000       -3.046898E-02
     0.232000       -3.173768E-02
     0.233000       -3.301618E-02
     0.234000       -3.430448E-02
     0.235000       -3.560258E-02
     0.236000       -3.691048E-02
     0.237000       -3.822818E-02
     0.238000       -3.955568E-02
     0.239000       -4.089298E-02
     0.240000       -4.224008E-02
     0.241000       -4.359698E-02
     0.242000       -4.496368E-02
     0.243000       -4.634017E-02
     0.244000       -4.772647E-02
     0.245000       -4.912258E-02
     0.246000       -5.052847E-02
     0.247000       -5.194417E-02
     0.248000       -5.336967E-02
     0.249000       -5.480497E-02
     0.250000       -5.625007E-02
     0.251000       -5.770497E-02
     0.252000       -5.916967E-02
     0.253000       -6.064417E-02
     0.254000       -6.212847E-02
     0.255000       -6.362257E-02
     0.256000       -6.512647E-02
     0.257000       -6.664017E-02
     0.258000       -6.816367E-02
     0.259000       -6.969697E-02
     0.260000       -7.124007E-02
     0.261000       -7.279297E-02
     0.262000       -7.435567E-02
     0.263000       -7.592817E-02
     0.264000       -7.751047E-02
     0.265000       -7.910257E-02
     0.266000       -8.070447E-02
     0.267000       -8.231617E-02
     0.268000       -8.393767E-02
     0.269000       -8.556896E-02
     0.270000       -8.721006E-02
     0.271000       -8.886096E-02
     0.272000       -9.052166E-02
     0.273000       -9.219215E-02
     0.274000       -9.387245E-02
     0.275000       -9.556255E-02
     0.276000       -9.726244E-02
     0.277000       -9.897214E-02
     0.278000       -0.100692
     0.279000       -0.102421
     0.280000       -0.104160
     0.281000       -0.105909
     0.282000       -0.107668
     0.283000       -0.109436
     0.284000       -0.111214
     0.285000       -0.113003
     0.286000       -0.114800
     0.287000       -0.116608
     0.288000       -0.118426
     0.289000       -0.120253
     0.290000       -0.122090
     0.291000       -0.123937
     0.292000       -0.125794
     0.293000       -0.127660
     0.294000       -0.129536
     0.295000       -0.131422
     0.296000       -0.133318
     0.297000       -0.135224
     0.298000       -0.137140
     0.299000       -0.139065
     0.300000       -0.141000
     0.301000       -0.142945
     0.302000       -0.144900
     0.303000       -0.146864
     0.304000       -0.148838
     0.305000       -0.150822
     0.306000       -0.152816
     0.307000       -0.154820
     0.308000       -0.156834
     0.309000       -0.158857
     0.310000       -0.160890
     0.311000       -0.162933
     0.312000       -0.164986
     0.313000       -0.167048
     0.314000       -0.169120
     0.314999       -0.171202
     0.315999       -0.173294
     0.316999       -0.175396
     0.317999       -0.177507
     0.318999       -0.179629
     0.319999       -0.181760
     0.320999       -0.183901
     0.321999       -0.186051
     0.322999       -0.188212
     0.323999       -0.190382
     0.324999       -0.192562
     0.325999       -0.194752
     0.326999       -0.196952
     0.327999       -0.199161
     0.328999       -0.201381
     0.329999       -0.203610
     0.330999       -0.205849
     0.331999       -0.208097
     0.332999       -0.210356
     0.333999       -0.212624
     0.334999       -0.214902
     0.335999       -0.217190
     0.336999       -0.219488
     0.337999       -0.221795
     0.338999       -0.224113
     0.339999       -0.226440
     0.340999       -0.228777
     0.341999       -0.231123
     0.342999       -0.233480
     0.343999       -0.235846
     0.344999       -0.238222
     0.345999       -0.240608
     0.346999       -0.243004
     0.347999       -0.245409
     0.348999       -0.247825
     0.349999       -0.250250
     0.350999       -0.252685
     0.351999       -0.255129
     0.352999       -0.257584
     0.353999       -0.260048
     0.354999       -0.262522
     0.355999       -0.265006
     0.356999       -0.267500
     0.357999       -0.270003
     0.358999       -0.272517
     0.359999       -0.275040
     0.360999       -0.277573
     0.361999       -0.280115
     0.362999       -0.282668
     0.363999       -0.285230
     0.364999       -0.287802
     0.365999       -0.290384
     0.366999       -0.292976
     0.367999       -0.295577
     0.368999       -0.298189
     0.369999       -0.300810
     0.370999       -0.303441
     0.371999       -0.306081
     0.372999       -0.308732
     0.373999       -0.311392
     0.374999       -0.314062
     0.375999       -0.316742
     0.376999       -0.319432
     0.377999       -0.322131
     0.378999       -0.324840
     0.379999       -0.327560
     0.380999       -0.330288
     0.381999       -0.333027
     0.382999       -0.335776
     0.383999       -0.338534
     0.384999       -0.341302
     0.385999       -0.344080
     0.386999       -0.346868
     0.387999       -0.349665
     0.388999       -0.352472
     0.389999       -0.355289
     0.390999       -0.358116
     0.391998       -0.360953
     0.392998       -0.363800
     0.393998       -0.366656
     0.394998       -0.369522
     0.395998       -0.372398
     0.396998       -0.375284
     0.397998       -0.378179
     0.398998       -0.381084
     0.399998       -0.383999
     0.400998       -0.386924
     0.401998       -0.389859
     0.402998       -0.392803
     0.403998       -0.395758
     0.404998       -0.398722
     0.405998       -0.401696
     0.406998       -0.404679
     0.407998       -0.407673
     0.408998       -0.410676
     0.409998       -0.413689
     0.410998       -0.416712
     0.411998       -0.419745
     0.412998       -0.422787
     0.413998       -0.425840
     0.414998       -0.428902
     0.415998       -0.431974
     0.416998       -0.435055
     0.417998       -0.438147
     0.418998       -0.441248
     0.419998       -0.444359
     0.420998       -0.447480
     0.421998       -0.450611
     0.422998       -0.453751
     0.423998       -0.456902
     0.424998       -0.460062
     0.425998       -0.463232
     0.426998       -0.466411
     0.427998       -0.469601
     0.428998       -0.472800
     0.429998       -0.476009
     0.430998       -0.479228
     0.431998       -0.482457
     0.432998       -0.485695
     0.433998       -0.488944
     0.434998       -0.492202
     0.435998       -0.495470
     0.436998       -0.498747
     0.437998       -0.502035
     0.438998       -0.505332
     0.439998       -0.508639
     0.440998       -0.511956
     0.441998       -0.515283
     0.442998       -0.518619
     0.443998       -0.521965
     0.444998       -0.525321
     0.445998       -0.528687
     0.446998       -0.532063
     0.447998       -0.535449
     0.448998       -0.538844
     0.449998       -0.542249
     0.450998       -0.545664
     0.451998       -0.549089
     0.452998       -0.552523
     0.453998       -0.555967
     0.454998       -0.559421
     0.455998       -0.562885
     0.456998       -0.566359
     0.457998       -0.569842
     0.458998       -0.573336
     0.459998       -0.576839
     0.460998       -0.580352
     0.461998       -0.583874
     0.462998       -0.587407
     0.463998       -0.590949
     0.464998       -0.594501
     0.465998       -0.598063
     0.466998       -0.601635
     0.467998       -0.605216
     0.468998       -0.608808
     0.469997       -0.612409
     0.470997       -0.616020
     0.471997       -0.619640
     0.472997       -0.623271
     0.473997       -0.626911
     0.474997       -0.630561
     0.475997       -0.634221
     0.476997       -0.637891
     0.477997       -0.641570
     0.478997       -0.645260
     0.479997       -0.648959
     0.480997       -0.652668
     0.481997       -0.656386
     0.482997       -0.660115
     0.483997       -0.663853
     0.484997       -0.667601
     0.485997       -0.671359
     0.486997       -0.675127
     0.487997       -0.678904
     0.488997       -0.682692
     0.489997       -0.686489
     0.490997       -0.690296
     0.491997       -0.694112
     0.492997       -0.697939
     0.493997       -0.701775
     0.494997       -0.705621
     0.495997       -0.709477
     0.496997       -0.713343
     0.497997       -0.717218
     0.498997       -0.721103
     0.499997       -0.724998
     0.500997       -0.728903
     0.501997       -0.732818
     0.502997       -0.736743
     0.503997       -0.740677
     0.504997       -0.744621
     0.505997       -0.748575
     0.506997       -0.752539
     0.507997       -0.756512
     0.508997       -0.760495
     0.509997       -0.764488
     0.510997       -0.768491
     0.511997       -0.772504
     0.512997       -0.776526
     0.513997       -0.780559
     0.514997       -0.784601
     0.515997       -0.788653
     0.516997       -0.792714
     0.517997       -0.796786
     0.518997       -0.800867
     0.519997       -0.804958
     0.520997       -0.809059
     0.521997       -0.813170
     0.522997       -0.817290
     0.523997       -0.821421
     0.524997       -0.825561
     0.525997       -0.829711
     0.526997       -0.833870
     0.527997       -0.838040
     0.528997       -0.842219
     0.529997       -0.846408
     0.530997       -0.850607
     0.531997       -0.854816
     0.532997       -0.859034
     0.533997       -0.863262
     0.534997       -0.867500
     0.535997       -0.871748
     0.536997       -0.876006
     0.537997       -0.880274
     0.538997       -0.884551
     0.539997       -0.888838
     0.540997       -0.893135
     0.541997       -0.897442
     0.542997       -0.901758
     0.543997       -0.906084
     0.544997       -0.910420
     0.545997       -0.914766
     0.546997       -0.919122
     0.547997       -0.923487
     0.548997       -0.927863
     0.549996       -0.932248
     0.550996       -0.936643
     0.551996       -0.941047
     0.552996       -0.945462
     0.553996       -0.949886
     0.554996       -0.954320
     0.555996       -0.958764
     0.556996       -0.963218
     0.557996       -0.967681
     0.558996       -0.972155
     0.559996       -0.976638
     0.560996       -0.981131
     0.561996       -0.985633
     0.562996       -0.990146
     0.563996       -0.994668
     0.564996       -0.999200
     0.565996        -1.00374
     0.566996        -1.00829
     0.567996        -1.01286
     0.568996        -1.01743
     0.569996        -1.02201
     0.570996        -1.02660
     0.571996        -1.03120
     0.572996        -1.03581
     0.573996        -1.04043
     0.574996        -1.04506
     0.575996        -1.04970
     0.576996        -1.05435
     0.577996        -1.05901
     0.578996        -1.06368
     0.579996        -1.06836
     0.580996        -1.07305
     0.581996        -1.07774
     0.582996        -1.08245
     0.583996        -1.08717
     0.584996        -1.09190
     0.585996        -1.09664
     0.586996        -1.10139
     0.587996        -1.10614
     0.588996        -1.11091
     0.589996        -1.11569
     0.590996        -1.12047
     0.591996        -1.12527
     0.592996        -1.13008
     0.593996        -1.13489
     0.594996        -1.13972
     0.595996        -1.14456
     0.596996        -1.14940
     0.597996        -1.15426
     0.598996        -1.15912
     0.599996        -1.16400
     0.600996        -1.16888
     0.601996        -1.17378
     0.602996        -1.17868
     0.603996        -1.18360
     0.604996        -1.18852
     0.605996        -1.19345
     0.606996        -1.19840
     0.607996        -1.20335
     0.608996        -1.20831
     0.609996        -1.21329
     0.610996        -1.21827
     0.611996        -1.22326
     0.612996        -1.22827
     0.613996        -1.23328
     0.614996        -1.23830
     0.615996        -1.24333
     0.616996        -1.24837
     0.617996        -1.25342
     0.618996        -1.25849
     0.619996        -1.26356
     0.620996        -1.26864
     0.621996        -1.27373
     0.622996        -1.27883
     0.623996        -1.28394
     0.624996        -1.28906
     0.625996        -1.29419
     0.626996        -1.29933
     0.627995        -1.30448
     0.628995        -1.30964
     0.629995        -1.31481
     0.630995        -1.31999
     0.631995        -1.32517
     0.632995        -1.33037
     0.633995        -1.33558
     0.634995        -1.34080
     0.635995        -1.34603
     0.636995        -1.35126
     0.637995        -1.35651
     0.638995        -1.36177
     0.639995        -1.36704
     0.640995        -1.37231
     0.641995        -1.37760
     0.642995        -1.38290
     0.643995        -1.38820
     0.644995        -1.39352
     0.645995        -1.39884
     0.646995        -1.40418
     0.647995        -1.40953
     0.648995        -1.41488
     0.649995        -1.42025
     0.650995        -1.42562
     0.651995        -1.43101
     0.652995        -1.43640
     0.653995        -1.44180
     0.654995        -1.44722
     0.655995        -1.45264
     0.656995        -1.45808
     0.657995        -1.46352
     0.658995        -1.46897
     0.659995        -1.47444
     0.660995        -1.47991
     0.661995        -1.48539
     0.662995        -1.49088
     0.663995        -1.49639
     0.664995        -1.50190
     0.665995        -1.50742
     0.666995        -1.51295
     0.667995        -1.51849
     0.668995        -1.52404
     0.669995        -1.52961
     0.670995        -1.53518
     0.671995        -1.54076
     0.672995        -1.54635
     0.673995        -1.55195
     0.674995        -1.55756
     0.675995        -1.56318
     0.676995        -1.56881
     0.677995        -1.57445
     0.678995        -1.58010
     0.679995        -1.58576
     0.680995        -1.59142
     0.681995        -1.59710
     0.682995        -1.60279
     0.683995        -1.60849
     0.684995        -1.61420
     0.685995        -1.61992
     0.686995        -1.62564
     0.687995        -1.63138
     0.688995        -1.63713
     0.689995        -1.64289
     0.690995        -1.64865
     0.691995        -1.65443
     0.692995        -1.66022
     0.693995        -1.66601
     0.694995        -1.67182
     0.695995        -1.67763
     0.696995        -1.68346
     0.697995        -1.68929
     0.698995        -1.69514
     0.699995        -1.70100
     0.700995        -1.70686
     0.701995        -1.71273
     0.702995        -1.71862
     0.703995        -1.72451
     0.704994        -1.73042
     0.705994        -1.73633
     0.706994        -1.74226
     0.707994        -1.74819
     0.708994        -1.75413
     0.709994        -1.76009
     0.710994        -1.76605
     0.711994        -1.77202
     0.712994        -1.77800
     0.713994        -1.78400
     0.714994        -1.79000
     0.715994        -1.79601
     0.716994        -1.80203
     0.717994        -1.80806
     0.718994        -1.81410
     0.719994        -1.82015
     0.720994        -1.82622
     0.721994        -1.83229
     0.722994        -1.83837
     0.723994        -1.84446
     0.724994        -1.85056
     0.725994        -1.85667
     0.726994        -1.86279
     0.727994        -1.86892
     0.728994        -1.87506
     0.729994        -1.88120
     0.730994        -1.88736
     0.731994        -1.89353
     0.732994        -1.89971
     0.733994        -1.90590
     0.734994        -1.91210
     0.735994        -1.91830
     0.736994        -1.92452
     0.737994        -1.93075
     0.738994        -1.93699
     0.739994        -1.94323
     0.740994        -1.94949
     0.741994        -1.95576
     0.742994        -1.96203
     0.743994        -1.96832
     0.744994        -1.97462
     0.745994        -1.98092
     0.746994        -1.98724
     0.747994        -1.99356
     0.748994        -1.99990
     0.749994        -2.00624
     0.750994        -2.01260
     0.751994        -2.01896
     0.752994        -2.02534
     0.753994        -2.03172
     0.754994        -2.03812
     0.755994        -2.04452
     0.756994        -2.05093
     0.757994        -2.05736
     0.758994        -2.06379
     0.759994        -2.07023
     0.760994        -2.07669
     0.761994        -2.08315
     0.762994        -2.08962
     0.763994        -2.09610
     0.764994        -2.10260
     0.765994        -2.10910
     0.766994        -2.11561
     0.767994        -2.12213
     0.768994        -2.12866
     0.769994        -2.13520
     0.770994        -2.14175
     0.771994        -2.14832
     0.772994        -2.15489
     0.773994        -2.16147
     0.774994        -2.16806
     0.775994        -2.17466
     0.776994        -2.18127
     0.777994        -2.18789
     0.778994        -2.19451
     0.779994        -2.20115
     0.780994        -2.20780
     0.781994        -2.21446
     0.782993        -2.22113
     0.783993        -2.22781
     0.784993        -2.23450
     0.785993        -2.24119
     0.786993        -2.24790
     0.787993        -2.25462
     0.788993        -2.26135
     0.789993        -2.26808
     0.790993        -2.27483
     0.791993        -2.28159
     0.792993        -2.28835
     0.793993        -2.29513
     0.794993        -2.30192
     0.795993        -2.30871
     0.796993        -2.31552
     0.797993        -2.32233
     0.798993        -2.32916
     0.799993        -2.33599
     0.800993        -2.34284
     0.801993        -2.34969
     0.802993        -2.35656
     0.803993        -2.36343
     0.804993        -2.37032
     0.805993        -2.37721
     0.806993        -2.38411
     0.807993        -2.39103
     0.808993        -2.39795
     0.809993        -2.40488
     0.810993        -2.41183
     0.811993        -2.41878
     0.812993        -2.42574
     0.813993        -2.43271
     0.814993        -2.43970
     0.815993        -2.44669
     0.816993        -2.45369
     0.817993        -2.46070
     0.818993        -2.46772
     0.819993        -2.47475
     0.820993        -2.48179
     0.821993        -2.48884
     0.822993        -2.49590
     0.823993        -2.50297
     0.824993        -2.51006
     0.825993        -2.51714
     0.826993        -2.52424
     0.827993        -2.53135
     0.828993        -2.53847
     0.829993        -2.54560
     0.830993        -2.55274
     0.831993        -2.55989
     0.832993        -2.56705
     0.833993        -2.57422
     0.834993        -2.58139
     0.835993        -2.58858
     0.836993        -2.59578
     0.837993        -2.60299
     0.838993        -2.61020
     0.839993        -2.61743
     0.840993        -2.62467
     0.841993        -2.63192
     0.842993        -2.63917
     0.843993        -2.64644
     0.844993        -2.65371
     0.845993        -2.66100
     0.846993        -2.66830
     0.847993        -2.67560
     0.848993        -2.68292
     0.849993        -2.69024
     0.850993        -2.69758
     0.851993        -2.70492
     0.852993        -2.71228
     0.853993        -2.71964
     0.854993        -2.72701
     0.855993        -2.73440
     0.856993        -2.74179
     0.857993        -2.74920
     0.858993        -2.75661
     0.859993        -2.76403
     0.860992        -2.77146
     0.861992        -2.77891
     0.862992        -2.78636
     0.863992        -2.79382
     0.864992        -2.80129
     0.865992        -2.80878
     0.866992        -2.81627
     0.867992        -2.82377
     0.868992        -2.83128
     0.869992        -2.83880
     0.870992        -2.84633
     0.871992        -2.85387
     0.872992        -2.86142
     0.873992        -2.86898
     0.874992        -2.87655
     0.875992        -2.88413
     0.876992        -2.89172
     0.877992        -2.89932
     0.878992        -2.90693
     0.879992        -2.91455
     0.880992        -2.92218
     0.881992        -2.92982
     0.882992        -2.93747
     0.883992        -2.94513
     0.884992        -2.95279
     0.885992        -2.96047
     0.886992        -2.96816
     0.887992        -2.97586
     0.888992        -2.98356
     0.889992        -2.99128
     0.890992        -2.99901
     0.891992        -3.00674
     0.892992        -3.01449
     0.893992        -3.02225
     0.894992        -3.03001
     0.895992        -3.03779
     0.896992        -3.04557
     0.897992        -3.05337
     0.898992        -3.06118
     0.899992        -3.06899
     0.900992        -3.07682
     0.901992        -3.08465
     0.902992        -3.09249
     0.903992        -3.10035
     0.904992        -3.10821
     0.905992        -3.11609
     0.906992        -3.12397
     0.907992        -3.13186
     0.908992        -3.13977
     0.909992        -3.14768
     0.910992        -3.15560
     0.911992        -3.16354
     0.912992        -3.17148
     0.913992        -3.17943
     0.914992        -3.18739
     0.915992        -3.19536
     0.916992        -3.20335
     0.917992        -3.21134
     0.918992        -3.21934
     0.919992        -3.22735
     0.920992        -3.23537
     0.921992        -3.24340
     0.922992        -3.25144
     0.923992        -3.25949
     0.924992        -3.26755
     0.925992        -3.27562
     0.926992        -3.28370
     0.927992        -3.29179
     0.928992        -3.29989
     0.929992        -3.30800
     0.930992        -3.31612
     0.931992        -3.32425
     0.932992        -3.33239
     0.933992        -3.34053
     0.934992        -3.34869
     0.935992        -3.35686
     0.936992        -3.36504
     0.937991        -3.37322
     0.938991        -3.38142
     0.939991        -3.38963
     0.940991        -3.39785
     0.941991        -3.40607
     0.942991        -3.41431
     0.943991        -3.42256
     0.944991        -3.43081
     0.945991        -3.43908
     0.946991        -3.44735
     0.947991        -3.45564
     0.948991        -3.46393
     0.949991        -3.47224
     0.950991        -3.48055
     0.951991        -3.48888
     0.952991        -3.49721
     0.953991        -3.50556
     0.954991        -3.51391
     0.955991        -3.52228
     0.956991        -3.53065
     0.957991        -3.53903
     0.958991        -3.54743
     0.959991        -3.55583
     0.960991        -3.56424
     0.961991        -3.57266
     0.962991        -3.58110
     0.963991        -3.58954
     0.964991        -3.59799
     0.965991        -3.60645
     0.966991        -3.61492
     0.967991        -3.62341
     0.968991        -3.63190
     0.969991        -3.64040
     0.970991        -3.64891
     0.971991        -3.65743
     0.972991        -3.66596
     0.973991        -3.67450
     0.974991        -3.68305
     0.975991        -3.69161
     0.976991        -3.70018
     0.977991        -3.70876
     0.978991        -3.71735
     0.979991        -3.72595
     0.980991        -3.73456
     0.981991        -3.74318
     0.982991        -3.75180
     0.983991        -3.76044
     0.984991        -3.76909
     0.985991        -3.77775
     0.986991        -3.78642
     0.987991        -3.79509
     0.988991        -3.80378
     0.989991        -3.81248
     0.990991        -3.82118
     0.991991        -3.82990
     0.992991        -3.83863
     0.993991        -3.84736
     0.994991        -3.85611
     0.995991        -3.86487
     0.996991        -3.87363
     0.997991        -3.88241
     0.998991        -3.89119
     0.999991        -3.89999
      1.00099        -3.90879
      1.00199        -3.91761
      1.00299        -3.92643
      1.00399        -3.93527
      1.00499        -3.94411
      1.00599        -3.95296
      1.00699        -3.96183
      1.00799        -3.97070
      1.00899        -3.97958
      1.00999        -3.98848
      1.01099        -3.99738
      1.01199        -4.00629
      1.01299        -4.01522
      1.01399        -4.02415
      1.01499        -4.03309
      1.01599        -4.04204
      1.01699        -4.05100
      1.01799        -4.05997
      1.01899        -4.06896
      1.01999        -4.07795
      1.02099        -4.08695
      1.02199        -4.09596
      1.02299        -4.10498
      1.02399        -4.11401
      1.02499        -4.12305
      1.02599        -4.13210
      1.02699        -4.14116
      1.02799        -4.15023
      1.02899        -4.15931
      1.02999        -4.16840
      1.03099        -4.17750
      1.03199        -4.18660
      1.03299        -4.19572
      1.03399        -4.20485
      1.03499        -4.21399
      1.03599        -4.22314
      1.03699        -4.23229
      1.03799        -4.24146
      1.03899        -4.25064
      1.03999        -4.25983
      1.04099        -4.26902
      1.04199        -4.27823
      1.04299        -4.28745
      1.04399        -4.29667
      1.04499        -4.30591
      1.04599        -4.31515
      1.04699        -4.32441
      1.04799        -4.33368
      1.04899        -4.34295
      1.04999        -4.35224
      1.05099        -4.36153
      1.05199        -4.37084
      1.05299        -4.38015
      1.05399        -4.38947
      1.05499        -4.39881
      1.05599        -4.40815
      1.05699        -4.41751
      1.05799        -4.42687
      1.05899        -4.43624
      1.05999        -4.44563
      1.06099        -4.45502
      1.06199        -4.46442
      1.06299        -4.47383
      1.06399        -4.48326
      1.06499        -4.49269
      1.06599        -4.50213
      1.06699        -4.51158
      1.06799        -4.52104
      1.06899        -4.53051
      1.06999        -4.54000
      1.07099        -4.54949
      1.07199        -4.55899
      1.07299        -4.56850
      1.07399        -4.57802
      1.07499        -4.58755
      1.07599        -4.59709
      1.07699        -4.60664
      1.07799        -4.61620
      1.07899        -4.62577
      1.07999        -4.63535
      1.08099        -4.64493
      1.08199        -4.65453
      1.08299        -4.66414
      1.08399        -4.67376
      1.08499        -4.68339
      1.08599        -4.69303
      1.08699        -4.70267
      1.08799        -4.71233
      1.08899        -4.72200
      1.08999        -4.73168
      1.09099        -4.74136
      1.09200        -4.75106
      1.09300        -4.76077
      1.09400        -4.77048
      1.09500        -4.78021
      1.09600        -4.78994
      1.09700        -4.79969
      1.09800        -4.80944
      1.09900        -4.81921
      1.10000        -4.82898
      1.10100        -4.83877
      1.10200        -4.84856
      1.10300        -4.85837
      1.10400        -4.86818
      1.10500        -4.87801
      1.10600        -4.88784
      1.10700        -4.89768
      1.10800        -4.90754
      1.10900        -4.91740
      1.11000        -4.92727
      1.11100        -4.93716
      1.11200        -4.94705
      1.11300        -4.95695
      1.11400        -4.96686
      1.11500        -4.97679
      1.11600        -4.98672
      1.11700        -4.99666
      1.11800        -5.00661
      1.11900        -5.01657
      1.12000        -5.02654
      1.12100        -5.03652
      1.12200        -5.04652
      1.12300        -5.05652
      1.12400        -5.06653
      1.12500        -5.07655
      1.12600        -5.08658
      1.12700        -5.09662
      1.12800        -5.10667
      1.12900        -5.11672
      1.13000        -5.12679
      1.13100        -5.13687
      1.13200        -5.14696
      1.13300        -5.15706
      1.13400        -5.16717
      1.13500        -5.17729
      1.13600        -5.18741
      1.13700        -5.19755
      1.13800        -5.20770
      1.13900        -5.21786
      1.14000        -5.22802
      1.14100        -5.23820
      1.14200        -5.24839
      1.14300        -5.25858
      1.14400        -5.26879
      1.14500        -5.27901
      1.14600        -5.28923
      1.14700        -5.29947
      1.14800        -5.30971
      1.14900        -5.31997
      1.15000        -5.33023
      1.15100        -5.34051
      1.15200        -5.35079
      1.15300        -5.36109
      1.15400        -5.37139
      1.15500        -5.38170
      1.15600        -5.39203
      1.15700        -5.40236
      1.15800        -5.41271
      1.15900        -5.42306
      1.16000        -5.43342
      1.16100        -5.44379
      1.16200        -5.45418
      1.16300        -5.46457
      1.16400        -5.47497
      1.16500        -5.48538
      1.16600        -5.49581
      1.16700        -5.50624
      1.16800        -5.51668
      1.16900        -5.52713
      1.17000        -5.53759
      1.17100        -5.54806
      1.17200        -5.55854
      1.17300        -5.56903
      1.17400        -5.57953
      1.17500        -5.59004
      1.17600        -5.60056
      1.17700        -5.61109
      1.17800        -5.62163
      1.17900        -5.63218
      1.18000        -5.64274
      1.18100        -5.65331
      1.18200        -5.66389
      1.18300        -5.67448
      1.18400        -5.68508
      1.18500        -5.69568
      1.18600        -5.70630
      1.18700        -5.71693
      1.18800        -5.72757
      1.18900        -5.73821
      1.19000        -5.74887
      1.19100        -5.75954
      1.19200        -5.77021
      1.19300        -5.78090
      1.19400        -5.79160
      1.19500        -5.80230
      1.19600        -5.81302
      1.19700        -5.82374
      1.19800        -5.83448
      1.19900        -5.84523
      1.20000        -5.85598
      1.20100        -5.86675
      1.20200        -5.87752
      1.20300        -5.88830
      1.20400        -5.89910
      1.20500        -5.90990
      1.20600        -5.92072
      1.20700        -5.93154
      1.20800        -5.94237
      1.20900        -5.95322
      1.21000        -5.96407
      1.21100        -5.97493
      1.21200        -5.98581
      1.21300        -5.99669
      1.21400        -6.00758
      1.21500        -6.01848
      1.21600        -6.02939
      1.21700        -6.04032
      1.21800        -6.05125
      1.21900        -6.06219
      1.22000        -6.07314
      1.22100        -6.08410
      1.22200        -6.09507
      1.22300        -6.10605
      1.22400        -6.11704
      1.22500        -6.12804
      1.22600        -6.13905
      1.22700        -6.15007
      1.22800        -6.16110
      1.22900        -6.17214
      1.23000        -6.18319
      1.23100        -6.19425
      1.23200        -6.20532
      1.23300        -6.21640
      1.23400        -6.22748
      1.23500        -6.23858
      1.23600        -6.24969
      1.23700        -6.26081
      1.23800        -6.27193
      1.23900        -6.28307
      1.24000        -6.29422
      1.24100        -6.30538
      1.24200        -6.31654
      1.24300        -6.32772
      1.24400        -6.33891
      1.24500        -6.35010
      1.24600        -6.36131
      1.24700        -6.37252
      1.24800        -6.38375
      1.24900        -6.39498
      1.25000        -6.40623
      1.25100        -6.41748
      1.25200        -6.42875
      1.25300        -6.44002
      1.25400        -6.45131
      1.25500        -6.46260
      1.25600        -6.47390
      1.25700        -6.48522
      1.25800        -6.49654
      1.25900        -6.50787
      1.26000        -6.51922
      1.26100        -6.53057
      1.26200        -6.54193
      1.26300        -6.55331
      1.26400        -6.56469
      1.26500        -6.57608
      1.26600        -6.58748
      1.26700        -6.59889
      1.26800        -6.61032
      1.26900        -6.62175
      1.27000        -6.63319
      1.27100        -6.64464
      1.27200        -6.65610
      1.27300        -6.66757
      1.27400        -6.67905
      1.27500        -6.69054
      1.27600        -6.70204
      1.27700        -6.71355
      1.27800        -6.72507
      1.27900        -6.73660
      1.28000        -6.74814
      1.28100        -6.75969
      1.28200        -6.77125
      1.28300        -6.78281
      1.28400        -6.79439
      1.28500        -6.80598
      1.28600        -6.81758
      1.28700        -6.82919
      1.28800        -6.84080
      1.28900        -6.85243
      1.29000        -6.86407
      1.29100        -6.87571
      1.29200        -6.88737
      1.29300        -6.89904
      1.29400        -6.91071
      1.29500        -6.92240
      1.29600        -6.93409
      1.29700        -6.94580
      1.29800        -6.95752
      1.29900        -6.96924
      1.30000        -6.98098
      1.30100        -6.99272
      1.30200        -7.00448
      1.30300        -7.01624
      1.30400        -7.02801
      1.30500        -7.03980
      1.30601        -7.05159
      1.30701        -7.06340
      1.30801        -7.07521
      1.30901        -7.08703
      1.31001        -7.09887
      1.31101        -7.11071
      1.31201        -7.12256
      1.31301        -7.13442
      1.31401        -7.14630
      1.31501        -7.15818
      1.31601        -7.17007
      1.31701        -7.18197
      1.31801        -7.19388
      1.31901        -7.20580
      1.32001        -7.21774
      1.32101        -7.22968
      1.32201        -7.24163
      1.32301        -7.25359
      1.32401        -7.26556
      1.32501        -7.27754
      1.32601        -7.28953
      1.32701        -7.30153
      1.32801        -7.31354
      1.32901        -7.32556
      1.33001        -7.33759
      1.33101        -7.34962
      1.33201        -7.36167
      1.33301        -7.37373
      1.33401        -7.38580
      1.33501        -7.39788
      1.33601        -7.40997
      1.33701        -7.42206
      1.33801        -7.43417
      1.33901        -7.44629
      1.34001        -7.45842
      1.34101        -7.47055
      1.34201        -7.48270
      1.34301        -7.49485
      1.34401        -7.50702
      1.34501        -7.51920
      1.34601        -7.53138
      1.34701        -7.54358
      1.34801        -7.55578
      1.34901        -7.56800
      1.35001        -7.58022
      1.35101        -7.59246
      1.35201        -7.60470
      1.35301        -7.61696
      1.35401        -7.62922
      1.35501        -7.64150
      1.35601        -7.65378
      1.35701        -7.66607
      1.35801        -7.67838
      1.35901        -7.69069
      1.36001        -7.70301
      1.36101        -7.71535
      1.36201        -7.72769
      1.36301        -7.74004
      1.36401        -7.75240
      1.36501        -7.76478
      1.36601        -7.77716
      1.36701        -7.78955
      1.36801        -7.80195
      1.36901        -7.81436
      1.37001        -7.82678
      1.37101        -7.83921
      1.37201        -7.85166
      1.37301        -7.86411
      1.37401        -7.87657
      1.37501        -7.88904
      1.37601        -7.90152
      1.37701        -7.91401
      1.37801        -7.92650
      1.37901        -7.93901
      1.38001        -7.95153
      1.38101        -7.96406
      1.38201        -7.97660
      1.38301        -7.98915
      1.38401        -8.00171
      1.38501        -8.01428
      1.38601        -8.02685
      1.38701        -8.03944
      1.38801        -8.05204
      1.38901        -8.06465
      1.39001        -8.07726
      1.39101        -8.08989
      1.39201        -8.10253
      1.39301        -8.11517
      1.39401        -8.12783
      1.39501        -8.14049
      1.39601        -8.15317
      1.39701        -8.16586
      1.39801        -8.17855
      1.39901        -8.19126
      1.40001        -8.20397
      1.40101        -8.21670
      1.40201        -8.22943
      1.40301        -8.24218
      1.40401        -8.25493
      1.40501        -8.26769
      1.40601        -8.28047
      1.40701        -8.29325
      1.40801        -8.30605
      1.40901        -8.31885
      1.41001        -8.33166
      1.41101        -8.34448
      1.41201        -8.35732
      1.41301        -8.37016
      1.41401        -8.38301
      1.41501        -8.39587
      1.41601        -8.40875
      1.41701        -8.42163
      1.41801        -8.43452
      1.41901        -8.44742
      1.42001        -8.46033
      1.42101        -8.47325
      1.42201        -8.48618
      1.42301        -8.49912
      1.42401        -8.51207
      1.42501        -8.52503
      1.42601        -8.53800
      1.42701        -8.55098
      1.42801        -8.56397
      1.42901        -8.57697
      1.43001        -8.58998
      1.43101        -8.60300
      1.43201        -8.61603
      1.43301        -8.62907
      1.43401        -8.64211
      1.43501        -8.65517
      1.43601        -8.66824
      1.43701        -8.68132
      1.43801        -8.69441
      1.43901        -8.70750
      1.44001        -8.72061
      1.44101        -8.73373
      1.44201        -8.74685
      1.44301        -8.75999
      1.44401        -8.77314
      1.44501        -8.78629
      1.44601        -8.79946
      1.44701        -8.81263
      1.44801        -8.82582
      1.44901        -8.83901
      1.45001        -8.85222
      1.45101        -8.86543
      1.45201        -8.87866
      1.45301        -8.89189
      1.45401        -8.90514
      1.45501        -8.91839
      1.45601        -8.93165
      1.45701        -8.94493
      1.45801        -8.95821
      1.45901        -8.97151
      1.46001        -8.98481
      1.46101        -8.99812
      1.46201        -9.01144
      1.46301        -9.02478
      1.46401        -9.03812
      1.46501        -9.05147
      1.46601        -9.06483
      1.46701        -9.07820
      1.46801        -9.09159
      1.46901        -9.10498
      1.47001        -9.11838
      1.47101        -9.13179
      1.47201        -9.14521
      1.47301        -9.15864
      1.47401        -9.17208
      1.47501        -9.18553
      1.47601        -9.19899
      1.47701        -9.21246
      1.47801        -9.22594
      1.47901        -9.23943
      1.48001        -9.25293
      1.48101        -9.26644
      1.48201        -9.27995
      1.48301        -9.29348
      1.48401        -9.30702
      1.48501        -9.32057
      1.48601        -9.33413
      1.48701        -9.34770
      1.48801        -9.36127
      1.48901        -9.37486
      1.49001        -9.38846
      1.49101        -9.40206
      1.49201        -9.41568
      1.49301        -9.42931
      1.49401        -9.44294
      1.49501        -9.45659
      1.49601        -9.47025
      1.49701        -9.48391
      1.49801        -9.49759
      1.49901        -9.51127
      1.50001        -9.52497
      1.50101        -9.53867
      1.50201        -9.55239
      1.50301        -9.56611
      1.50401        -9.57984
      1.50501        -9.59359
      1.50601        -9.60734
      1.50701        -9.62111
      1.50801        -9.63488
      1.50901        -9.64866
      1.51001        -9.66246
      1.51101        -9.67626
      1.51201        -9.69007
      1.51301        -9.70389
      1.51401        -9.71773
      1.51501        -9.73157
      1.51601        -9.74542
      1.51701        -9.75928
      1.51801        -9.77315
      1.51901        -9.78703
      1.52002        -9.80093
      1.52102        -9.81483
      1.52202        -9.82874
      1.52302        -9.84266
      1.52402        -9.85659
      1.52502        -9.87053
      1.52602        -9.88448
      1.52702        -9.89844
      1.52802        -9.91241
      1.52902        -9.92639
      1.53002        -9.94038
      1.53102        -9.95437
      1.53202        -9.96838
      1.53302        -9.98240
      1.53402        -9.99643
      1.53502        -10.0105
      1.53602        -10.0245
      1.53702        -10.0386
      1.53802        -10.0526
      1.53902        -10.0667
      1.54002        -10.0808
      1.54102        -10.0949
      1.54202        -10.1090
      1.54302        -10.1231
      1.54402        -10.1373
      1.54502        -10.1514
      1.54602        -10.1655
      1.54702        -10.1797
      1.54802        -10.1939
      1.54902        -10.2080
      1.55002        -10.2222
      1.55102        -10.2364
      1.55202        -10.2506
      1.55302        -10.2648
      1.55402        -10.2791
      1.55502        -10.2933
      1.55602        -10.3075
      1.55702        -10.3218
      1.55802        -10.3360
      1.55902        -10.3503
      1.56002        -10.3646
      1.56102        -10.3789
      1.56202        -10.3932
      1.56302        -10.4075
      1.56402        -10.4218
      1.56502        -10.4362
      1.56602        -10.4505
      1.56702        -10.4649
      1.56802        -10.4792
      1.56902        -10.4936
      1.57002        -10.5080
      1.57102        -10.5224
      1.57202        -10.5368
      1.57302        -10.5512
      1.57402        -10.5656
      1.57502        -10.5800
      1.57602        -10.5945
      1.57702        -10.6089
      1.57802        -10.6234
      1.57902        -10.6378
      1.58002        -10.6523
      1.58102        -10.6668
      1.58202        -10.6813
      1.58302        -10.6958
      1.58402        -10.7103
      1.58502        -10.7249
      1.58602        -10.7394
      1.58702        -10.7540
      1.58802        -10.7685
      1.58902        -10.7831
      1.59002        -10.7977
      1.59102        -10.8122
      1.59202        -10.8268
      1.59302        -10.8414
      1.59402        -10.8561
      1.59502        -10.8707
      1.59602        -10.8853
      1.59702        -10.9000
      1.59802        -10.9146
      1.59902        -10.9293
      1.60002        -10.9440
      1.60102        -10.9586
      1.60202        -10.9733
      1.60302        -10.9880
      1.60402        -11.0028
      1.60502        -11.0175
      1.60602        -11.0322
      1.60702        -11.0470
      1.60802        -11.0617
      1.60902        -11.0765
      1.61002        -11.0913
      1.61102        -11.1060
      1.61202        -11.1208
      1.61302        -11.1356
      1.61402        -11.1504
      1.61502        -11.1653
      1.61602        -11.1801
      1.61702        -11.1949
      1.61802        -11.2098
      1.61902        -11.2246
      1.62002        -11.2395
      1.62102        -11.2544
      1.62202        -11.2693
      1.62302        -11.2842
      1.62402        -11.2991
      1.62502        -11.3140
      1.62602        -11.3290
      1.62702        -11.3439
      1.62802        -11.3588
      1.62902        -11.3738
      1.63002        -11.3888
      1.63102        -11.4037
      1.63202        -11.4187
      1.63302        -11.4337
      1.63402        -11.4487
      1.63502        -11.4638
      1.63602        -11.4788
      1.63702        -11.4938
      1.63802        -11.5089
      1.63902        -11.5239
      1.64002        -11.5390
      1.64102        -11.5541
      1.64202        -11.5692
      1.64302        -11.5843
      1.64402        -11.5994
      1.64502        -11.6145
      1.64602        -11.6296
      1.64702        -11.6447
      1.64802        -11.6599
      1.64902        -11.6750
      1.65002        -11.6902
      1.65102        -11.7054
      1.65202        -11.7206
      1.65302        -11.7358
      1.65402        -11.7510
      1.65502        -11.7662
      1.65602        -11.7814
      1.65702        -11.7966
      1.65802        -11.8119
      1.65902        -11.8271
      1.66002        -11.8424
      1.66102        -11.8577
      1.66202        -11.8730
      1.66302        -11.8882
      1.66402        -11.9035
      1.66502        -11.9189
      1.66602        -11.9342
      1.66702        -11.9495
      1.66802        -11.9649
      1.66902        -11.9802
      1.67002        -11.9956
      1.67102        -12.0109
      1.67202        -12.0263
      1.67302        -12.0417
      1.67402        -12.0571
      1.67502        -12.0725
      1.67602        -12.0879
      1.67702        -12.1034
      1.67802        -12.1188
      1.67902        -12.1343
      1.68002        -12.1497
      1.68102        -12.1652
      1.68202        -12.1807
      1.68302        -12.1962
      1.68402        -12.2117
      1.68502        -12.2272
      1.68602        -12.2427
      1.68702        -12.2582
      1.68802        -12.2737
      1.68902        -12.2893
      1.69002        -12.3048
      1.69102        -12.3204
      1.69202        -12.3360
      1.69302        -12.3516
      1.69402        -12.3672
      1.69502        -12.3828
      1.69602        -12.3984
      1.69702        -12.4140
      1.69802        -12.4297
      1.69902        -12.4453
      1.70002        -12.4610
      1.70102        -12.4766
      1.70202        -12.4923
      1.70302        -12.5080
      1.70402        -12.5237
      1.70502        -12.5394
      1.70602        -12.5551
      1.70702        -12.5708
      1.70802        -12.5865
      1.70902        -12.6023
      1.71002        -12.6180
      1.71102        -12.6338
      1.71202        -12.6496
      1.71302        -12.6654
      1.71402        -12.6812
      1.71502        -12.6970
      1.71602        -12.7128
      1.71702        -12.7286
      1.71802        -12.7444
      1.71902        -12.7603
      1.72002        -12.7761
      1.72102        -12.7920
      1.72202        -12.8078
      1.72302        -12.8237
      1.72402        -12.8396
      1.72502        -12.8555
      1.72602        -12.8714
      1.72702        -12.8873
      1.72802        -12.9033
      1.72902        -12.9192
      1.73002        -12.9352
      1.73102        -12.9511
      1.73202        -12.9671
      1.73302        -12.9831
      1.73403        -12.9991
      1.73503        -13.0151
      1.73603        -13.0311
      1.73703        -13.0471
      1.73803        -13.0631
      1.73903        -13.0791
      1.74003        -13.0952
      1.74103        -13.1112
      1.74203        -13.1273
      1.74303        -13.1434
      1.74403        -13.1595
      1.74503        -13.1756
      1.74603        -13.1917
      1.74703        -13.2078
      1.74803        -13.2239
      1.74903        -13.2401
      1.75003        -13.2562
      1.75103        -13.2724
      1.75203        -13.2885
      1.75303        -13.3047
      1.75403        -13.3209
      1.75503        -13.3371
      1.75603        -13.3533
      1.75703        -13.3695
      1.75803        -13.3857
      1.75903        -13.4019
      1.76003        -13.4182
      1.76103        -13.4344
      1.76203        -13.4507
      1.76303        -13.4670
      1.76403        -13.4833
      1.76503        -13.4996
      1.76603        -13.5159
      1.76703        -13.5322
      1.76803        -13.5485
      1.76903        -13.5648
      1.77003        -13.5812
      1.77103        -13.5975
      1.77203        -13.6139
      1.77303        -13.6302
      1.77403        -13.6466
      1.77503        -13.6630
      1.77603        -13.6794
      1.77703        -13.6958
      1.77803        -13.7122
      1.77903        -13.7287
      1.78003        -13.7451
      1.78103        -13.7616
      1.78203        -13.7780
      1.78303        -13.7945
      1.78403        -13.8110
      1.78503        -13.8275
      1.78603        -13.8440
      1.78703        -13.8605
      1.78803        -13.8770
      1.78903        -13.8935
      1.79003        -13.9100
      1.79103        -13.9266
      1.79203        -13.9431
      1.79303        -13.9597
      1.79403        -13.9763
      1.79503        -13.9929
      1.79603        -14.0095
      1.79703        -14.0261
      1.79803        -14.0427
      1.79903        -14.0593
      1.80003        -14.0759
      1.80103        -14.0926
      1.80203        -14.1092
      1.80303        -14.1259
      1.80403        -14.1426
      1.80503        -14.1593
      1.80603        -14.1760
      1.80703        -14.1927
      1.80803        -14.2094
      1.80903        -14.2261
      1.81003        -14.2428
      1.81103        -14.2596
      1.81203        -14.2763
      1.81303        -14.2931
      1.81403        -14.3099
      1.81503        -14.3267
      1.81603        -14.3434
      1.81703        -14.3602
      1.81803        -14.3771
      1.81903        -14.3939
      1.82003        -14.4107
      1.82103        -14.4275
      1.82203        -14.4444
      1.82303        -14.4613
      1.82403        -14.4781
      1.82503        -14.4950
      1.82603        -14.5119
      1.82703        -14.5288
      1.82803        -14.5457
      1.82903        -14.5626
      1.83003        -14.5796
      1.83103        -14.5965
      1.83203        -14.6134
      1.83303        -14.6304
      1.83403        -14.6474
      1.83503        -14.6643
      1.83603        -14.6813
      1.83703        -14.6983
      1.83803        -14.7153
      1.83903        -14.7324
      1.84003        -14.7494
      1.84103        -14.7664
      1.84203        -14.7835
      1.84303        -14.8005
      1.84403        -14.8176
      1.84503        -14.8347
      1.84603        -14.8518
      1.84703        -14.8689
      1.84803        -14.8860
      1.84903        -14.9031
      1.85003        -14.9202
      1.85103        -14.9373
      1.85203        -14.9545
      1.85303        -14.9716
      1.85403        -14.9888
      1.85503        -15.0060
      1.85603        -15.0232
      1.85703        -15.0403
      1.85803        -15.0575
      1.85903        -15.0748
      1.86003        -15.0920
      1.86103        -15.1092
      1.86203        -15.1265
      1.86303        -15.1437
      1.86403        -15.1610
      1.86503        -15.1782
      1.86603        -15.1955
      1.86703        -15.2128
      1.86803        -15.2301
      1.86903        -15.2474
      1.87003        -15.2648
      1.87103        -15.2821
      1.87203        -15.2994
      1.87303        -15.3168
      1.87403        -15.3341
      1.87503        -15.3515
      1.87603        -15.3689
      1.87703        -15.3863
      1.87803        -15.4037
      1.87903        -15.4211
      1.88003        -15.4385
      1.88103        -15.4559
      1.88203        -15.4734
      1.88303        -15.4908
      1.88403        -15.5083
      1.88503        -15.5257
      1.88603        -15.5432
      1.88703        -15.5607
      1.88803        -15.5782
      1.88903        -15.5957
      1.89003        -15.6132
      1.89103        -15.6308
      1.89203        -15.6483
      1.89303        -15.6658
      1.89403        -15.6834
      1.89503        -15.7010
      1.89603        -15.7185
      1.89703        -15.7361
      1.89803        -15.7537
      1.89903        -15.7713
      1.90003        -15.7889
      1.90103        -15.8066
      1.90203        -15.8242
      1.90303        -15.8418
      1.90403        -15.8595
      1.90503        -15.8772
      1.90603        -15.8948
      1.90703        -15.9125
      1.90803        -15.9302
      1.90903        -15.9479
      1.91003        -15.9656
      1.91103        -15.9834
      1.91203        -16.0011
      1.91303        -16.0188
      1.91403        -16.0366
      1.91503        -16.0543
      1.91603        -16.0721
      1.91703        -16.0899
      1.91803        -16.1077
      1.91903        -16.1255
      1.92003        -16.1433
      1.92103        -16.1611
      1.92203        -16.1790
      1.92303        -16.1968
      1.92403        -16.2146
      1.92503        -16.2325
      1.92603        -16.2504
      1.92703        -16.2683
      1.92803        -16.2861
      1.92903        -16.3040
      1.93003        -16.3219
      1.93103        -16.3399
      1.93203        -16.3578
      1.93303        -16.3757
      1.93403        -16.3937
      1.93503        -16.4116
      1.93603        -16.4296
      1.93703        -16.4476
      1.93803        -16.4656
      1.93903        -16.4836
      1.94003        -16.5016
      1.94103        -16.5196
      1.94203        -16.5376
      1.94303        -16.5557
      1.94403        -16.5737
      1.94503        -16.5918
      1.94603        -16.6098
      1.94703        -16.6279
      1.94804        -16.6460
      1.94904        -16.6641
      1.95004        -16.6822
      1.95104        -16.7003
      1.95204        -16.7184
      1.95304        -16.7366
      1.95404        -16.7547
      1.95504        -16.7729
      1.95604        -16.7910
      1.95704        -16.8092
      1.95804        -16.8274
      1.95904        -16.8456
      1.96004        -16.8638
      1.96104        -16.8820
      1.96204        -16.9002
      1.96304        -16.9184
      1.96404        -16.9367
      1.96504        -16.9549
      1.96604        -16.9732
      1.96704        -16.9915
      1.96804        -17.0098
      1.96904        -17.0280
      1.97004        -17.0463
      1.97104        -17.0647
      1.97204        -17.0830
      1.97304        -17.1013
      1.97404        -17.1196
      1.97504        -17.1380
      1.97604        -17.1564
      1.97704        -17.1747
      1.97804        -17.1931
      1.97904        -17.2115
      1.98004        -17.2299
      1.98104        -17.2483
      1.98204        -17.2667
      1.98304        -17.2852
      1.98404        -17.3036
      1.98504        -17.3220
      1.98604        -17.3405
      1.98704        -17.3590
      1.98804        -17.3774
      1.98904        -17.3959
      1.99004        -17.4144
      1.99104        -17.4329
      1.99204        -17.4514
      1.99304        -17.4700
      1.99404        -17.4885
      1.99504        -17.5071
      1.99604        -17.5256
      1.99704        -17.5442
      1.99804        -17.5628
      1.99904        -17.5813
