     9.951001E-04    0.990200
     1.980400E-03    0.980400
     2.955900E-03    0.970600
     3.921600E-03    0.960800
     4.877500E-03    0.951000
     5.823600E-03    0.941200
     6.759900E-03    0.931400
     7.686400E-03    0.921600
     8.603100E-03    0.911800
     9.509999E-03    0.902000
     1.040710E-02    0.892200
     1.129440E-02    0.882400
     1.217190E-02    0.872600
     1.303960E-02    0.862800
     1.389750E-02    0.853000
     1.474560E-02    0.843200
     1.558390E-02    0.833400
     1.641240E-02    0.823600
     1.723110E-02    0.813800
     1.804000E-02    0.804000
     1.883910E-02    0.794200
     1.962840E-02    0.784400
     2.040790E-02    0.774600
     2.117760E-02    0.764800
     2.193750E-02    0.755000
     2.268760E-02    0.745200
     2.342789E-02    0.735400
     2.415839E-02    0.725600
     2.487909E-02    0.715800
     2.558999E-02    0.705999
     2.629109E-02    0.696199
     2.698239E-02    0.686399
     2.766389E-02    0.676599
     2.833559E-02    0.666799
     2.899749E-02    0.656999
     2.964959E-02    0.647199
     3.029189E-02    0.637399
     3.092439E-02    0.627599
     3.154709E-02    0.617799
     3.215999E-02    0.607999
     3.276309E-02    0.598199
     3.335639E-02    0.588399
     3.393989E-02    0.578599
     3.451359E-02    0.568799
     3.507749E-02    0.558999
     3.563159E-02    0.549199
     3.617589E-02    0.539399
     3.671039E-02    0.529599
     3.723509E-02    0.519799
     3.774999E-02    0.509999
     3.825509E-02    0.500199
     3.875039E-02    0.490399
     3.923589E-02    0.480599
     3.971159E-02    0.470799
     4.017749E-02    0.460999
     4.063359E-02    0.451199
     4.107989E-02    0.441399
     4.151639E-02    0.431599
     4.194308E-02    0.421799
     4.235999E-02    0.411999
     4.276709E-02    0.402199
     4.316438E-02    0.392399
     4.355188E-02    0.382599
     4.392958E-02    0.372799
     4.429748E-02    0.362999
     4.465558E-02    0.353199
     4.500388E-02    0.343399
     4.534238E-02    0.333599
     4.567108E-02    0.323799
     4.598998E-02    0.313999
     4.629908E-02    0.304199
     4.659838E-02    0.294399
     4.688788E-02    0.284599
     4.716758E-02    0.274799
     4.743748E-02    0.264999
     4.769758E-02    0.255199
     4.794788E-02    0.245399
     4.818838E-02    0.235599
     4.841908E-02    0.225799
     4.863998E-02    0.215999
     4.885108E-02    0.206199
     4.905238E-02    0.196399
     4.924388E-02    0.186599
     4.942558E-02    0.176799
     4.959748E-02    0.166999
     4.975958E-02    0.157199
     4.991188E-02    0.147399
     5.005438E-02    0.137599
     5.018708E-02    0.127799
     5.030998E-02    0.117999
     5.042308E-02    0.108199
     5.052638E-02    9.839943E-02
     5.061988E-02    8.859943E-02
     5.070358E-02    7.879943E-02
     5.077748E-02    6.899942E-02
     5.084158E-02    5.919942E-02
     5.089588E-02    4.939942E-02
     5.094038E-02    3.959942E-02
     5.097508E-02    2.979942E-02
     5.099998E-02    1.999942E-02
     5.101508E-02    1.019942E-02
     5.102038E-02    3.994182E-04
     5.101588E-02   -9.400582E-03
     5.100157E-02   -1.920058E-02
     5.097748E-02   -2.900058E-02
     5.094358E-02   -3.880058E-02
     5.089987E-02   -4.860058E-02
     5.084638E-02   -5.840059E-02
     5.078308E-02   -6.820059E-02
     5.070997E-02   -7.800059E-02
     5.062708E-02   -8.780059E-02
     5.053438E-02   -9.760059E-02
     5.043187E-02   -0.107401
     5.031957E-02   -0.117201
     5.019747E-02   -0.127001
     5.006557E-02   -0.136801
     4.992387E-02   -0.146601
     4.977237E-02   -0.156401
     4.961107E-02   -0.166201
     4.943997E-02   -0.176001
     4.925907E-02   -0.185801
     4.906837E-02   -0.195601
     4.886787E-02   -0.205401
     4.865757E-02   -0.215201
     4.843747E-02   -0.225001
     4.820757E-02   -0.234801
     4.796787E-02   -0.244601
     4.771837E-02   -0.254401
     4.745907E-02   -0.264201
     4.718997E-02   -0.274001
     4.691107E-02   -0.283801
     4.662237E-02   -0.293601
     4.632387E-02   -0.303401
     4.601557E-02   -0.313201
     4.569747E-02   -0.323001
     4.536957E-02   -0.332801
     4.503187E-02   -0.342600
     4.468437E-02   -0.352400
     4.432707E-02   -0.362200
     4.395997E-02   -0.372000
     4.358307E-02   -0.381800
     4.319637E-02   -0.391600
     4.279987E-02   -0.401400
     4.239357E-02   -0.411200
     4.197747E-02   -0.421000
     4.155157E-02   -0.430800
     4.111587E-02   -0.440600
     4.067037E-02   -0.450400
     4.021507E-02   -0.460200
     3.974997E-02   -0.470000
     3.927507E-02   -0.479800
     3.879037E-02   -0.489600
     3.829587E-02   -0.499400
     3.779157E-02   -0.509200
     3.727747E-02   -0.519000
     3.675357E-02   -0.528800
     3.621987E-02   -0.538600
     3.567637E-02   -0.548400
     3.512307E-02   -0.558200
     3.455997E-02   -0.568000
     3.398707E-02   -0.577800
     3.340437E-02   -0.587600
     3.281187E-02   -0.597400
     3.220957E-02   -0.607200
     3.159747E-02   -0.617000
     3.097557E-02   -0.626800
     3.034387E-02   -0.636600
     2.970237E-02   -0.646401
     2.905107E-02   -0.656201
     2.838997E-02   -0.666001
     2.771907E-02   -0.675801
     2.703837E-02   -0.685601
     2.634787E-02   -0.695401
     2.564757E-02   -0.705201
     2.493747E-02   -0.715001
     2.421757E-02   -0.724801
     2.348787E-02   -0.734601
     2.274837E-02   -0.744401
     2.199906E-02   -0.754201
     2.123996E-02   -0.764001
     2.047106E-02   -0.773801
     1.969236E-02   -0.783601
     1.890386E-02   -0.793401
     1.810556E-02   -0.803201
     1.729746E-02   -0.813001
     1.647956E-02   -0.822801
     1.565186E-02   -0.832601
     1.481436E-02   -0.842401
     1.396706E-02   -0.852201
     1.310996E-02   -0.862001
     1.224306E-02   -0.871801
     1.136636E-02   -0.881601
     1.047985E-02   -0.891401
     9.583553E-03   -0.901201
     8.677453E-03   -0.911001
     7.761552E-03   -0.920801
     6.835851E-03   -0.930601
     5.900350E-03   -0.940401
     4.955049E-03   -0.950201
     3.999948E-03   -0.960001
     3.035046E-03   -0.969801
     2.060345E-03   -0.979601
     1.075844E-03   -0.989401
     8.154300E-05   -0.999201
    -9.225582E-04    -1.00900
    -1.936460E-03    -1.01880
    -2.960161E-03    -1.02860
    -3.993662E-03    -1.03840
    -5.036963E-03    -1.04820
    -6.090064E-03    -1.05800
    -7.152965E-03    -1.06780
    -8.225666E-03    -1.07760
    -9.308167E-03    -1.08740
    -1.040047E-02    -1.09720
    -1.150257E-02    -1.10700
    -1.261447E-02    -1.11680
    -1.373617E-02    -1.12660
    -1.486767E-02    -1.13640
    -1.600897E-02    -1.14620
    -1.716007E-02    -1.15600
    -1.832097E-02    -1.16580
    -1.949167E-02    -1.17560
    -2.067217E-02    -1.18540
    -2.186247E-02    -1.19520
    -2.306257E-02    -1.20500
    -2.427247E-02    -1.21480
    -2.549217E-02    -1.22460
    -2.672167E-02    -1.23440
    -2.796097E-02    -1.24420
    -2.921008E-02    -1.25400
    -3.046898E-02    -1.26380
    -3.173768E-02    -1.27360
    -3.301618E-02    -1.28340
    -3.430448E-02    -1.29320
    -3.560258E-02    -1.30300
    -3.691048E-02    -1.31280
    -3.822818E-02    -1.32260
    -3.955568E-02    -1.33240
    -4.089298E-02    -1.34220
    -4.224008E-02    -1.35200
    -4.359698E-02    -1.36180
    -4.496368E-02    -1.37160
    -4.634017E-02    -1.38140
    -4.772647E-02    -1.39120
    -4.912258E-02    -1.40100
    -5.052847E-02    -1.41080
    -5.194417E-02    -1.42060
    -5.336967E-02    -1.43040
    -5.480497E-02    -1.44020
    -5.625007E-02    -1.45000
    -5.770497E-02    -1.45980
    -5.916967E-02    -1.46960
    -6.064417E-02    -1.47940
    -6.212847E-02    -1.48920
    -6.362257E-02    -1.49900
    -6.512647E-02    -1.50880
    -6.664017E-02    -1.51860
    -6.816367E-02    -1.52840
    -6.969697E-02    -1.53820
    -7.124007E-02    -1.54800
    -7.279297E-02    -1.55780
    -7.435567E-02    -1.56760
    -7.592817E-02    -1.57740
    -7.751047E-02    -1.58720
    -7.910257E-02    -1.59700
    -8.070447E-02    -1.60680
    -8.231617E-02    -1.61660
    -8.393767E-02    -1.62640
    -8.556896E-02    -1.63620
    -8.721006E-02    -1.64600
    -8.886096E-02    -1.65580
    -9.052166E-02    -1.66560
    -9.219215E-02    -1.67540
    -9.387245E-02    -1.68520
    -9.556255E-02    -1.69500
    -9.726244E-02    -1.70480
    -9.897214E-02    -1.71460
    -0.100692        -1.72440
    -0.102421        -1.73420
    -0.104160        -1.74400
    -0.105909        -1.75380
    -0.107668        -1.76360
    -0.109436        -1.77340
    -0.111214        -1.78320
    -0.113003        -1.79300
    -0.114800        -1.80280
    -0.116608        -1.81260
    -0.118426        -1.82240
    -0.120253        -1.83220
    -0.122090        -1.84200
    -0.123937        -1.85180
    -0.125794        -1.86160
    -0.127660        -1.87140
    -0.129536        -1.88120
    -0.131422        -1.89100
    -0.133318        -1.90080
    -0.135224        -1.91060
    -0.137140        -1.92040
    -0.139065        -1.93020
    -0.141000        -1.94000
    -0.142945        -1.94980
    -0.144900        -1.95960
    -0.146864        -1.96940
    -0.148838        -1.97920
    -0.150822        -1.98900
    -0.152816        -1.99880
    -0.154820        -2.00860
    -0.156834        -2.01840
    -0.158857        -2.02820
    -0.160890        -2.03800
    -0.162933        -2.04780
    -0.164986        -2.05760
    -0.167048        -2.06740
    -0.169120        -2.07720
    -0.171202        -2.08700
    -0.173294        -2.09680
    -0.175396        -2.10660
    -0.177507        -2.11640
    -0.179629        -2.12620
    -0.181760        -2.13600
    -0.183901        -2.14580
    -0.186051        -2.15560
    -0.188212        -2.16540
    -0.190382        -2.17520
    -0.192562        -2.18500
    -0.194752        -2.19480
    -0.196952        -2.20460
    -0.199161        -2.21440
    -0.201381        -2.22420
    -0.203610        -2.23400
    -0.205849        -2.24380
    -0.208097        -2.25360
    -0.210356        -2.26340
    -0.212624        -2.27320
    -0.214902        -2.28300
    -0.217190        -2.29280
    -0.219488        -2.30260
    -0.221795        -2.31240
    -0.224113        -2.32220
    -0.226440        -2.33200
    -0.228777        -2.34180
    -0.231123        -2.35160
    -0.233480        -2.36140
    -0.235846        -2.37120
    -0.238222        -2.38100
    -0.240608        -2.39080
    -0.243004        -2.40060
    -0.245409        -2.41040
    -0.247825        -2.42020
    -0.250250        -2.43000
    -0.252685        -2.43980
    -0.255129        -2.44959
    -0.257584        -2.45939
    -0.260048        -2.46919
    -0.262522        -2.47899
    -0.265006        -2.48879
    -0.267500        -2.49859
    -0.270003        -2.50839
    -0.272517        -2.51819
    -0.275040        -2.52799
    -0.277573        -2.53779
    -0.280115        -2.54759
    -0.282668        -2.55739
    -0.285230        -2.56719
    -0.287802        -2.57699
    -0.290384        -2.58679
    -0.292976        -2.59659
    -0.295577        -2.60639
    -0.298189        -2.61619
    -0.300810        -2.62599
    -0.303441        -2.63579
    -0.306081        -2.64559
    -0.308732        -2.65539
    -0.311392        -2.66519
    -0.314062        -2.67499
    -0.316742        -2.68479
    -0.319432        -2.69459
    -0.322131        -2.70439
    -0.324840        -2.71419
    -0.327560        -2.72399
    -0.330288        -2.73379
    -0.333027        -2.74359
    -0.335776        -2.75339
    -0.338534        -2.76319
    -0.341302        -2.77299
    -0.344080        -2.78279
    -0.346868        -2.79259
    -0.349665        -2.80239
    -0.352472        -2.81219
    -0.355289        -2.82199
    -0.358116        -2.83179
    -0.360953        -2.84159
    -0.363800        -2.85139
    -0.366656        -2.86119
    -0.369522        -2.87099
    -0.372398        -2.88079
    -0.375284        -2.89059
    -0.378179        -2.90039
    -0.381084        -2.91019
    -0.383999        -2.91999
    -0.386924        -2.92979
    -0.389859        -2.93959
    -0.392803        -2.94939
    -0.395758        -2.95919
    -0.398722        -2.96899
    -0.401696        -2.97879
    -0.404679        -2.98859
    -0.407673        -2.99839
    -0.410676        -3.00819
    -0.413689        -3.01799
    -0.416712        -3.02779
    -0.419745        -3.03759
    -0.422787        -3.04739
    -0.425840        -3.05719
    -0.428902        -3.06699
    -0.431974        -3.07679
    -0.435055        -3.08659
    -0.438147        -3.09639
    -0.441248        -3.10619
    -0.444359        -3.11599
    -0.447480        -3.12579
    -0.450611        -3.13559
    -0.453751        -3.14539
    -0.456902        -3.15519
    -0.460062        -3.16499
    -0.463232        -3.17479
    -0.466411        -3.18459
    -0.469601        -3.19439
    -0.472800        -3.20419
    -0.476009        -3.21399
    -0.479228        -3.22379
    -0.482457        -3.23359
    -0.485695        -3.24339
    -0.488944        -3.25319
    -0.492202        -3.26299
    -0.495470        -3.27279
    -0.498747        -3.28259
    -0.502035        -3.29239
    -0.505332        -3.30219
    -0.508639        -3.31199
    -0.511956        -3.32179
    -0.515283        -3.33159
    -0.518619        -3.34139
    -0.521965        -3.35119
    -0.525321        -3.36099
    -0.528687        -3.37079
    -0.532063        -3.38059
    -0.535449        -3.39039
    -0.538844        -3.40019
    -0.542249        -3.40999
    -0.545664        -3.41979
    -0.549089        -3.42959
    -0.552523        -3.43939
    -0.555967        -3.44919
    -0.559421        -3.45899
    -0.562885        -3.46879
    -0.566359        -3.47859
    -0.569842        -3.48839
    -0.573336        -3.49819
    -0.576839        -3.50799
    -0.580352        -3.51779
    -0.583874        -3.52759
    -0.587407        -3.53739
    -0.590949        -3.54719
    -0.594501        -3.55699
    -0.598063        -3.56679
    -0.601635        -3.57659
    -0.605216        -3.58639
    -0.608808        -3.59619
    -0.612409        -3.60599
    -0.616020        -3.61579
    -0.619640        -3.62559
    -0.623271        -3.63539
    -0.626911        -3.64519
    -0.630561        -3.65499
    -0.634221        -3.66479
    -0.637891        -3.67459
    -0.641570        -3.68439
    -0.645260        -3.69419
    -0.648959        -3.70399
    -0.652668        -3.71379
    -0.656386        -3.72359
    -0.660115        -3.73339
    -0.663853        -3.74319
    -0.667601        -3.75299
    -0.671359        -3.76279
    -0.675127        -3.77259
    -0.678904        -3.78239
    -0.682692        -3.79219
    -0.686489        -3.80199
    -0.690296        -3.81179
    -0.694112        -3.82159
    -0.697939        -3.83139
    -0.701775        -3.84119
    -0.705621        -3.85099
    -0.709477        -3.86079
    -0.713343        -3.87059
    -0.717218        -3.88039
    -0.721103        -3.89019
    -0.724998        -3.89999
    -0.728903        -3.90979
    -0.732818        -3.91959
    -0.736743        -3.92939
    -0.740677        -3.93919
    -0.744621        -3.94899
    -0.748575        -3.95879
    -0.752539        -3.96859
    -0.756512        -3.97839
    -0.760495        -3.98819
    -0.764488        -3.99799
    -0.768491        -4.00779
    -0.772504        -4.01759
    -0.776526        -4.02739
    -0.780559        -4.03719
    -0.784601        -4.04699
    -0.788653        -4.05679
    -0.792714        -4.06659
    -0.796786        -4.07639
    -0.800867        -4.08619
    -0.804958        -4.09599
    -0.809059        -4.10579
    -0.813170        -4.11559
    -0.817290        -4.12539
    -0.821421        -4.13519
    -0.825561        -4.14499
    -0.829711        -4.15479
    -0.833870        -4.16459
    -0.838040        -4.17439
    -0.842219        -4.18419
    -0.846408        -4.19399
    -0.850607        -4.20379
    -0.854816        -4.21359
    -0.859034        -4.22339
    -0.863262        -4.23319
    -0.867500        -4.24299
    -0.871748        -4.25279
    -0.876006        -4.26259
    -0.880274        -4.27239
    -0.884551        -4.28219
    -0.888838        -4.29199
    -0.893135        -4.30179
    -0.897442        -4.31159
    -0.901758        -4.32139
    -0.906084        -4.33119
    -0.910420        -4.34099
    -0.914766        -4.35079
    -0.919122        -4.36059
    -0.923487        -4.37039
    -0.927863        -4.38019
    -0.932248        -4.38999
    -0.936643        -4.39979
    -0.941047        -4.40959
    -0.945462        -4.41939
    -0.949886        -4.42919
    -0.954320        -4.43899
    -0.958764        -4.44879
    -0.963218        -4.45859
    -0.967681        -4.46839
    -0.972155        -4.47819
    -0.976638        -4.48799
    -0.981131        -4.49779
    -0.985633        -4.50759
    -0.990146        -4.51739
    -0.994668        -4.52719
    -0.999200        -4.53699
     -1.00374        -4.54679
     -1.00829        -4.55659
     -1.01286        -4.56639
     -1.01743        -4.57619
     -1.02201        -4.58599
     -1.02660        -4.59579
     -1.03120        -4.60559
     -1.03581        -4.61539
     -1.04043        -4.62519
     -1.04506        -4.63499
     -1.04970        -4.64479
     -1.05435        -4.65459
     -1.05901        -4.66439
     -1.06368        -4.67419
     -1.06836        -4.68399
     -1.07305        -4.69379
     -1.07774        -4.70359
     -1.08245        -4.71339
     -1.08717        -4.72319
     -1.09190        -4.73299
     -1.09664        -4.74278
     -1.10139        -4.75258
     -1.10614        -4.76238
     -1.11091        -4.77218
     -1.11569        -4.78198
     -1.12047        -4.79178
     -1.12527        -4.80158
     -1.13008        -4.81138
     -1.13489        -4.82118
     -1.13972        -4.83098
     -1.14456        -4.84078
     -1.14940        -4.85058
     -1.15426        -4.86038
     -1.15912        -4.87018
     -1.16400        -4.87998
     -1.16888        -4.88978
     -1.17378        -4.89958
     -1.17868        -4.90938
     -1.18360        -4.91918
     -1.18852        -4.92898
     -1.19345        -4.93878
     -1.19840        -4.94858
     -1.20335        -4.95838
     -1.20831        -4.96818
     -1.21329        -4.97798
     -1.21827        -4.98778
     -1.22326        -4.99758
     -1.22827        -5.00738
     -1.23328        -5.01718
     -1.23830        -5.02698
     -1.24333        -5.03678
     -1.24837        -5.04658
     -1.25342        -5.05638
     -1.25849        -5.06618
     -1.26356        -5.07598
     -1.26864        -5.08578
     -1.27373        -5.09558
     -1.27883        -5.10538
     -1.28394        -5.11518
     -1.28906        -5.12498
     -1.29419        -5.13478
     -1.29933        -5.14458
     -1.30448        -5.15438
     -1.30964        -5.16418
     -1.31481        -5.17398
     -1.31999        -5.18378
     -1.32517        -5.19358
     -1.33037        -5.20338
     -1.33558        -5.21318
     -1.34080        -5.22298
     -1.34603        -5.23278
     -1.35126        -5.24258
     -1.35651        -5.25238
     -1.36177        -5.26218
     -1.36704        -5.27198
     -1.37231        -5.28178
     -1.37760        -5.29158
     -1.38290        -5.30138
     -1.38820        -5.31118
     -1.39352        -5.32098
     -1.39884        -5.33078
     -1.40418        -5.34058
     -1.40953        -5.35038
     -1.41488        -5.36018
     -1.42025        -5.36998
     -1.42562        -5.37978
     -1.43101        -5.38958
     -1.43640        -5.39938
     -1.44180        -5.40918
     -1.44722        -5.41898
     -1.45264        -5.42878
     -1.45808        -5.43858
     -1.46352        -5.44838
     -1.46897        -5.45818
     -1.47444        -5.46798
     -1.47991        -5.47778
     -1.48539        -5.48758
     -1.49088        -5.49738
     -1.49639        -5.50718
     -1.50190        -5.51698
     -1.50742        -5.52678
     -1.51295        -5.53658
     -1.51849        -5.54638
     -1.52404        -5.55618
     -1.52961        -5.56598
     -1.53518        -5.57578
     -1.54076        -5.58558
     -1.54635        -5.59538
     -1.55195        -5.60518
     -1.55756        -5.61498
     -1.56318        -5.62478
     -1.56881        -5.63458
     -1.57445        -5.64438
     -1.58010        -5.65418
     -1.58576        -5.66398
     -1.59142        -5.67378
     -1.59710        -5.68358
     -1.60279        -5.69338
     -1.60849        -5.70318
     -1.61420        -5.71298
     -1.61992        -5.72278
     -1.62564        -5.73258
     -1.63138        -5.74238
     -1.63713        -5.75218
     -1.64289        -5.76198
     -1.64865        -5.77178
     -1.65443        -5.78158
     -1.66022        -5.79138
     -1.66601        -5.80118
     -1.67182        -5.81098
     -1.67763        -5.82078
     -1.68346        -5.83058
     -1.68929        -5.84038
     -1.69514        -5.85018
     -1.70100        -5.85998
     -1.70686        -5.86978
     -1.71273        -5.87958
     -1.71862        -5.88938
     -1.72451        -5.89918
     -1.73042        -5.90898
     -1.73633        -5.91878
     -1.74226        -5.92858
     -1.74819        -5.93838
     -1.75413        -5.94818
     -1.76009        -5.95798
     -1.76605        -5.96778
     -1.77202        -5.97758
     -1.77800        -5.98738
     -1.78400        -5.99718
     -1.79000        -6.00698
     -1.79601        -6.01678
     -1.80203        -6.02658
     -1.80806        -6.03638
     -1.81410        -6.04618
     -1.82015        -6.05598
     -1.82622        -6.06578
     -1.83229        -6.07558
     -1.83837        -6.08538
     -1.84446        -6.09518
     -1.85056        -6.10498
     -1.85667        -6.11478
     -1.86279        -6.12458
     -1.86892        -6.13438
     -1.87506        -6.14418
     -1.88120        -6.15398
     -1.88736        -6.16378
     -1.89353        -6.17358
     -1.89971        -6.18338
     -1.90590        -6.19318
     -1.91210        -6.20298
     -1.91830        -6.21278
     -1.92452        -6.22258
     -1.93075        -6.23238
     -1.93699        -6.24218
     -1.94323        -6.25198
     -1.94949        -6.26178
     -1.95576        -6.27158
     -1.96203        -6.28138
     -1.96832        -6.29118
     -1.97462        -6.30098
     -1.98092        -6.31078
     -1.98724        -6.32058
     -1.99356        -6.33038
     -1.99990        -6.34018
     -2.00624        -6.34998
     -2.01260        -6.35978
     -2.01896        -6.36958
     -2.02534        -6.37938
     -2.03172        -6.38918
     -2.03812        -6.39898
     -2.04452        -6.40878
     -2.05093        -6.41858
     -2.05736        -6.42838
     -2.06379        -6.43818
     -2.07023        -6.44798
     -2.07669        -6.45778
     -2.08315        -6.46758
     -2.08962        -6.47738
     -2.09610        -6.48718
     -2.10260        -6.49698
     -2.10910        -6.50678
     -2.11561        -6.51658
     -2.12213        -6.52638
     -2.12866        -6.53618
     -2.13520        -6.54598
     -2.14175        -6.55578
     -2.14832        -6.56558
     -2.15489        -6.57538
     -2.16147        -6.58518
     -2.16806        -6.59498
     -2.17466        -6.60478
     -2.18127        -6.61458
     -2.18789        -6.62438
     -2.19451        -6.63418
     -2.20115        -6.64398
     -2.20780        -6.65378
     -2.21446        -6.66358
     -2.22113        -6.67338
     -2.22781        -6.68318
     -2.23450        -6.69298
     -2.24119        -6.70278
     -2.24790        -6.71258
     -2.25462        -6.72238
     -2.26135        -6.73218
     -2.26808        -6.74198
     -2.27483        -6.75178
     -2.28159        -6.76158
     -2.28835        -6.77138
     -2.29513        -6.78118
     -2.30192        -6.79098
     -2.30871        -6.80078
     -2.31552        -6.81058
     -2.32233        -6.82038
     -2.32916        -6.83018
     -2.33599        -6.83998
     -2.34284        -6.84978
     -2.34969        -6.85958
     -2.35656        -6.86938
     -2.36343        -6.87918
     -2.37032        -6.88898
     -2.37721        -6.89878
     -2.38411        -6.90858
     -2.39103        -6.91838
     -2.39795        -6.92818
     -2.40488        -6.93798
     -2.41183        -6.94778
     -2.41878        -6.95758
     -2.42574        -6.96738
     -2.43271        -6.97718
     -2.43970        -6.98698
     -2.44669        -6.99678
     -2.45369        -7.00658
     -2.46070        -7.01638
     -2.46772        -7.02618
     -2.47475        -7.03597
     -2.48179        -7.04577
     -2.48884        -7.05557
     -2.49590        -7.06537
     -2.50297        -7.07517
     -2.51006        -7.08497
     -2.51714        -7.09477
     -2.52424        -7.10457
     -2.53135        -7.11437
     -2.53847        -7.12417
     -2.54560        -7.13397
     -2.55274        -7.14377
     -2.55989        -7.15357
     -2.56705        -7.16337
     -2.57422        -7.17317
     -2.58139        -7.18297
     -2.58858        -7.19277
     -2.59578        -7.20257
     -2.60299        -7.21237
     -2.61020        -7.22217
     -2.61743        -7.23197
     -2.62467        -7.24177
     -2.63192        -7.25157
     -2.63917        -7.26137
     -2.64644        -7.27117
     -2.65371        -7.28097
     -2.66100        -7.29077
     -2.66830        -7.30057
     -2.67560        -7.31037
     -2.68292        -7.32017
     -2.69024        -7.32997
     -2.69758        -7.33977
     -2.70492        -7.34957
     -2.71228        -7.35937
     -2.71964        -7.36917
     -2.72701        -7.37897
     -2.73440        -7.38877
     -2.74179        -7.39857
     -2.74920        -7.40837
     -2.75661        -7.41817
     -2.76403        -7.42797
     -2.77146        -7.43777
     -2.77891        -7.44757
     -2.78636        -7.45737
     -2.79382        -7.46717
     -2.80129        -7.47697
     -2.80878        -7.48677
     -2.81627        -7.49657
     -2.82377        -7.50637
     -2.83128        -7.51617
     -2.83880        -7.52597
     -2.84633        -7.53577
     -2.85387        -7.54557
     -2.86142        -7.55537
     -2.86898        -7.56517
     -2.87655        -7.57497
     -2.88413        -7.58477
     -2.89172        -7.59457
     -2.89932        -7.60437
     -2.90693        -7.61417
     -2.91455        -7.62397
     -2.92218        -7.63377
     -2.92982        -7.64357
     -2.93747        -7.65337
     -2.94513        -7.66317
     -2.95279        -7.67297
     -2.96047        -7.68277
     -2.96816        -7.69257
     -2.97586        -7.70237
     -2.98356        -7.71217
     -2.99128        -7.72197
     -2.99901        -7.73177
     -3.00674        -7.74157
     -3.01449        -7.75137
     -3.02225        -7.76117
     -3.03001        -7.77097
     -3.03779        -7.78077
     -3.04557        -7.79057
     -3.05337        -7.80037
     -3.06118        -7.81017
     -3.06899        -7.81997
     -3.07682        -7.82977
     -3.08465        -7.83957
     -3.09249        -7.84937
     -3.10035        -7.85917
     -3.10821        -7.86897
     -3.11609        -7.87877
     -3.12397        -7.88857
     -3.13186        -7.89837
     -3.13977        -7.90817
     -3.14768        -7.91797
     -3.15560        -7.92777
     -3.16354        -7.93757
     -3.17148        -7.94737
     -3.17943        -7.95717
     -3.18739        -7.96697
     -3.19536        -7.97677
     -3.20335        -7.98657
     -3.21134        -7.99637
     -3.21934        -8.00617
     -3.22735        -8.01597
     -3.23537        -8.02577
     -3.24340        -8.03557
     -3.25144        -8.04537
     -3.25949        -8.05517
     -3.26755        -8.06497
     -3.27562        -8.07477
     -3.28370        -8.08457
     -3.29179        -8.09437
     -3.29989        -8.10417
     -3.30800        -8.11397
     -3.31612        -8.12377
     -3.32425        -8.13357
     -3.33239        -8.14337
     -3.34053        -8.15317
     -3.34869        -8.16297
     -3.35686        -8.17277
     -3.36504        -8.18257
     -3.37322        -8.19237
     -3.38142        -8.20217
     -3.38963        -8.21197
     -3.39785        -8.22177
     -3.40607        -8.23157
     -3.41431        -8.24137
     -3.42256        -8.25117
     -3.43081        -8.26097
     -3.43908        -8.27077
     -3.44735        -8.28057
     -3.45564        -8.29037
     -3.46393        -8.30017
     -3.47224        -8.30997
     -3.48055        -8.31977
     -3.48888        -8.32957
     -3.49721        -8.33937
     -3.50556        -8.34917
     -3.51391        -8.35897
     -3.52228        -8.36877
     -3.53065        -8.37857
     -3.53903        -8.38837
     -3.54743        -8.39817
     -3.55583        -8.40797
     -3.56424        -8.41777
     -3.57266        -8.42757
     -3.58110        -8.43737
     -3.58954        -8.44717
     -3.59799        -8.45697
     -3.60645        -8.46677
     -3.61492        -8.47657
     -3.62341        -8.48637
     -3.63190        -8.49617
     -3.64040        -8.50597
     -3.64891        -8.51577
     -3.65743        -8.52557
     -3.66596        -8.53537
     -3.67450        -8.54517
     -3.68305        -8.55497
     -3.69161        -8.56477
     -3.70018        -8.57457
     -3.70876        -8.58437
     -3.71735        -8.59417
     -3.72595        -8.60397
     -3.73456        -8.61377
     -3.74318        -8.62357
     -3.75180        -8.63337
     -3.76044        -8.64317
     -3.76909        -8.65297
     -3.77775        -8.66277
     -3.78642        -8.67257
     -3.79509        -8.68237
     -3.80378        -8.69217
     -3.81248        -8.70197
     -3.82118        -8.71177
     -3.82990        -8.72157
     -3.83863        -8.73137
     -3.84736        -8.74117
     -3.85611        -8.75097
     -3.86487        -8.76077
     -3.87363        -8.77057
     -3.88241        -8.78037
     -3.89119        -8.79017
     -3.89999        -8.79997
     -3.90879        -8.80977
     -3.91761        -8.81957
     -3.92643        -8.82937
     -3.93527        -8.83917
     -3.94411        -8.84897
     -3.95296        -8.85877
     -3.96183        -8.86857
     -3.97070        -8.87837
     -3.97958        -8.88817
     -3.98848        -8.89797
     -3.99738        -8.90777
     -4.00629        -8.91757
     -4.01522        -8.92737
     -4.02415        -8.93717
     -4.03309        -8.94697
     -4.04204        -8.95677
     -4.05100        -8.96657
     -4.05997        -8.97637
     -4.06896        -8.98617
     -4.07795        -8.99597
     -4.08695        -9.00577
     -4.09596        -9.01557
     -4.10498        -9.02537
     -4.11401        -9.03517
     -4.12305        -9.04497
     -4.13210        -9.05477
     -4.14116        -9.06457
     -4.15023        -9.07437
     -4.15931        -9.08417
     -4.16840        -9.09397
     -4.17750        -9.10377
     -4.18660        -9.11357
     -4.19572        -9.12337
     -4.20485        -9.13317
     -4.21399        -9.14297
     -4.22314        -9.15277
     -4.23229        -9.16257
     -4.24146        -9.17237
     -4.25064        -9.18217
     -4.25983        -9.19197
     -4.26902        -9.20177
     -4.27823        -9.21157
     -4.28745        -9.22137
     -4.29667        -9.23117
     -4.30591        -9.24097
     -4.31515        -9.25077
     -4.32441        -9.26057
     -4.33368        -9.27037
     -4.34295        -9.28017
     -4.35224        -9.28997
     -4.36153        -9.29977
     -4.37084        -9.30957
     -4.38015        -9.31937
     -4.38947        -9.32917
     -4.39881        -9.33897
     -4.40815        -9.34877
     -4.41751        -9.35857
     -4.42687        -9.36837
     -4.43624        -9.37817
     -4.44563        -9.38797
     -4.45502        -9.39777
     -4.46442        -9.40757
     -4.47383        -9.41737
     -4.48326        -9.42717
     -4.49269        -9.43696
     -4.50213        -9.44676
     -4.51158        -9.45656
     -4.52104        -9.46636
     -4.53051        -9.47616
     -4.54000        -9.48596
     -4.54949        -9.49576
     -4.55899        -9.50556
     -4.56850        -9.51536
     -4.57802        -9.52516
     -4.58755        -9.53496
     -4.59709        -9.54476
     -4.60664        -9.55456
     -4.61620        -9.56436
     -4.62577        -9.57416
     -4.63535        -9.58396
     -4.64493        -9.59376
     -4.65453        -9.60356
     -4.66414        -9.61336
     -4.67376        -9.62316
     -4.68339        -9.63296
     -4.69303        -9.64276
     -4.70267        -9.65256
     -4.71233        -9.66236
     -4.72200        -9.67216
     -4.73168        -9.68196
     -4.74136        -9.69176
     -4.75106        -9.70156
     -4.76077        -9.71136
     -4.77048        -9.72116
     -4.78021        -9.73096
     -4.78994        -9.74076
     -4.79969        -9.75056
     -4.80944        -9.76036
     -4.81921        -9.77016
     -4.82898        -9.77996
     -4.83877        -9.78976
     -4.84856        -9.79956
     -4.85837        -9.80936
     -4.86818        -9.81916
     -4.87801        -9.82896
     -4.88784        -9.83876
     -4.89768        -9.84856
     -4.90754        -9.85836
     -4.91740        -9.86816
     -4.92727        -9.87796
     -4.93716        -9.88776
     -4.94705        -9.89756
     -4.95695        -9.90736
     -4.96686        -9.91716
     -4.97679        -9.92696
     -4.98672        -9.93676
     -4.99666        -9.94656
     -5.00661        -9.95636
     -5.01657        -9.96616
     -5.02654        -9.97596
     -5.03652        -9.98576
     -5.04652        -9.99556
     -5.05652        -10.0054
     -5.06653        -10.0152
     -5.07655        -10.0250
     -5.08658        -10.0348
     -5.09662        -10.0446
     -5.10667        -10.0544
     -5.11672        -10.0642
     -5.12679        -10.0740
     -5.13687        -10.0838
     -5.14696        -10.0936
     -5.15706        -10.1034
     -5.16717        -10.1132
     -5.17729        -10.1230
     -5.18741        -10.1328
     -5.19755        -10.1426
     -5.20770        -10.1524
     -5.21786        -10.1622
     -5.22802        -10.1720
     -5.23820        -10.1818
     -5.24839        -10.1916
     -5.25858        -10.2014
     -5.26879        -10.2112
     -5.27901        -10.2210
     -5.28923        -10.2308
     -5.29947        -10.2406
     -5.30971        -10.2504
     -5.31997        -10.2602
     -5.33023        -10.2700
     -5.34051        -10.2798
     -5.35079        -10.2896
     -5.36109        -10.2994
     -5.37139        -10.3092
     -5.38170        -10.3190
     -5.39203        -10.3288
     -5.40236        -10.3386
     -5.41271        -10.3484
     -5.42306        -10.3582
     -5.43342        -10.3680
     -5.44379        -10.3778
     -5.45418        -10.3876
     -5.46457        -10.3974
     -5.47497        -10.4072
     -5.48538        -10.4170
     -5.49581        -10.4268
     -5.50624        -10.4366
     -5.51668        -10.4464
     -5.52713        -10.4562
     -5.53759        -10.4660
     -5.54806        -10.4758
     -5.55854        -10.4856
     -5.56903        -10.4954
     -5.57953        -10.5052
     -5.59004        -10.5150
     -5.60056        -10.5248
     -5.61109        -10.5346
     -5.62163        -10.5444
     -5.63218        -10.5542
     -5.64274        -10.5640
     -5.65331        -10.5738
     -5.66389        -10.5836
     -5.67448        -10.5934
     -5.68508        -10.6032
     -5.69568        -10.6130
     -5.70630        -10.6228
     -5.71693        -10.6326
     -5.72757        -10.6424
     -5.73821        -10.6522
     -5.74887        -10.6620
     -5.75954        -10.6718
     -5.77021        -10.6816
     -5.78090        -10.6914
     -5.79160        -10.7012
     -5.80230        -10.7110
     -5.81302        -10.7208
     -5.82374        -10.7306
     -5.83448        -10.7404
     -5.84523        -10.7502
     -5.85598        -10.7600
     -5.86675        -10.7698
     -5.87752        -10.7796
     -5.88830        -10.7894
     -5.89910        -10.7992
     -5.90990        -10.8090
     -5.92072        -10.8188
     -5.93154        -10.8286
     -5.94237        -10.8384
     -5.95322        -10.8482
     -5.96407        -10.8580
     -5.97493        -10.8678
     -5.98581        -10.8776
     -5.99669        -10.8874
     -6.00758        -10.8972
     -6.01848        -10.9070
     -6.02939        -10.9168
     -6.04032        -10.9266
     -6.05125        -10.9364
     -6.06219        -10.9462
     -6.07314        -10.9560
     -6.08410        -10.9658
     -6.09507        -10.9756
     -6.10605        -10.9854
     -6.11704        -10.9952
     -6.12804        -11.0050
     -6.13905        -11.0148
     -6.15007        -11.0246
     -6.16110        -11.0344
     -6.17214        -11.0442
     -6.18319        -11.0540
     -6.19425        -11.0638
     -6.20532        -11.0736
     -6.21640        -11.0834
     -6.22748        -11.0932
     -6.23858        -11.1030
     -6.24969        -11.1128
     -6.26081        -11.1226
     -6.27193        -11.1324
     -6.28307        -11.1422
     -6.29422        -11.1520
     -6.30538        -11.1618
     -6.31654        -11.1716
     -6.32772        -11.1814
     -6.33891        -11.1912
     -6.35010        -11.2010
     -6.36131        -11.2108
     -6.37252        -11.2206
     -6.38375        -11.2304
     -6.39498        -11.2402
     -6.40623        -11.2500
     -6.41748        -11.2598
     -6.42875        -11.2696
     -6.44002        -11.2794
     -6.45131        -11.2892
     -6.46260        -11.2990
     -6.47390        -11.3088
     -6.48522        -11.3186
     -6.49654        -11.3284
     -6.50787        -11.3382
     -6.51922        -11.3480
     -6.53057        -11.3578
     -6.54193        -11.3676
     -6.55331        -11.3774
     -6.56469        -11.3872
     -6.57608        -11.3970
     -6.58748        -11.4068
     -6.59889        -11.4166
     -6.61032        -11.4264
     -6.62175        -11.4362
     -6.63319        -11.4460
     -6.64464        -11.4558
     -6.65610        -11.4656
     -6.66757        -11.4754
     -6.67905        -11.4852
     -6.69054        -11.4950
     -6.70204        -11.5048
     -6.71355        -11.5146
     -6.72507        -11.5244
     -6.73660        -11.5342
     -6.74814        -11.5440
     -6.75969        -11.5538
     -6.77125        -11.5636
     -6.78281        -11.5734
     -6.79439        -11.5832
     -6.80598        -11.5930
     -6.81758        -11.6028
     -6.82919        -11.6126
     -6.84080        -11.6224
     -6.85243        -11.6322
     -6.86407        -11.6420
     -6.87571        -11.6518
     -6.88737        -11.6616
     -6.89904        -11.6714
     -6.91071        -11.6812
     -6.92240        -11.6910
     -6.93409        -11.7008
     -6.94580        -11.7106
     -6.95752        -11.7204
     -6.96924        -11.7302
     -6.98098        -11.7400
     -6.99272        -11.7498
     -7.00448        -11.7596
     -7.01624        -11.7694
     -7.02801        -11.7792
     -7.03980        -11.7890
     -7.05159        -11.7988
     -7.06340        -11.8086
     -7.07521        -11.8184
     -7.08703        -11.8282
     -7.09887        -11.8380
     -7.11071        -11.8478
     -7.12256        -11.8576
     -7.13442        -11.8674
     -7.14630        -11.8772
     -7.15818        -11.8870
     -7.17007        -11.8968
     -7.18197        -11.9066
     -7.19388        -11.9164
     -7.20580        -11.9262
     -7.21774        -11.9360
     -7.22968        -11.9458
     -7.24163        -11.9556
     -7.25359        -11.9654
     -7.26556        -11.9752
     -7.27754        -11.9850
     -7.28953        -11.9948
     -7.30153        -12.0046
     -7.31354        -12.0144
     -7.32556        -12.0242
     -7.33759        -12.0340
     -7.34962        -12.0438
     -7.36167        -12.0536
     -7.37373        -12.0634
     -7.38580        -12.0732
     -7.39788        -12.0830
     -7.40997        -12.0928
     -7.42206        -12.1026
     -7.43417        -12.1124
     -7.44629        -12.1222
     -7.45842        -12.1320
     -7.47055        -12.1418
     -7.48270        -12.1516
     -7.49485        -12.1614
     -7.50702        -12.1712
     -7.51920        -12.1810
     -7.53138        -12.1908
     -7.54358        -12.2006
     -7.55578        -12.2104
     -7.56800        -12.2202
     -7.58022        -12.2300
     -7.59246        -12.2398
     -7.60470        -12.2496
     -7.61696        -12.2594
     -7.62922        -12.2692
     -7.64150        -12.2790
     -7.65378        -12.2888
     -7.66607        -12.2986
     -7.67838        -12.3084
     -7.69069        -12.3182
     -7.70301        -12.3280
     -7.71535        -12.3378
     -7.72769        -12.3476
     -7.74004        -12.3574
     -7.75240        -12.3672
     -7.76478        -12.3770
     -7.77716        -12.3868
     -7.78955        -12.3966
     -7.80195        -12.4064
     -7.81436        -12.4162
     -7.82678        -12.4260
     -7.83921        -12.4358
     -7.85166        -12.4456
     -7.86411        -12.4554
     -7.87657        -12.4652
     -7.88904        -12.4750
     -7.90152        -12.4848
     -7.91401        -12.4946
     -7.92650        -12.5044
     -7.93901        -12.5142
     -7.95153        -12.5240
     -7.96406        -12.5338
     -7.97660        -12.5436
     -7.98915        -12.5534
     -8.00171        -12.5632
     -8.01428        -12.5730
     -8.02685        -12.5828
     -8.03944        -12.5926
     -8.05204        -12.6024
     -8.06465        -12.6122
     -8.07726        -12.6220
     -8.08989        -12.6318
     -8.10253        -12.6416
     -8.11517        -12.6514
     -8.12783        -12.6612
     -8.14049        -12.6710
     -8.15317        -12.6808
     -8.16586        -12.6906
     -8.17855        -12.7004
     -8.19126        -12.7102
     -8.20397        -12.7200
     -8.21670        -12.7298
     -8.22943        -12.7396
     -8.24218        -12.7494
     -8.25493        -12.7592
     -8.26769        -12.7690
     -8.28047        -12.7788
     -8.29325        -12.7886
     -8.30605        -12.7984
     -8.31885        -12.8082
     -8.33166        -12.8180
     -8.34448        -12.8278
     -8.35732        -12.8376
     -8.37016        -12.8474
     -8.38301        -12.8572
     -8.39587        -12.8670
     -8.40875        -12.8767
     -8.42163        -12.8865
     -8.43452        -12.8963
     -8.44742        -12.9061
     -8.46033        -12.9159
     -8.47325        -12.9257
     -8.48618        -12.9355
     -8.49912        -12.9453
     -8.51207        -12.9551
     -8.52503        -12.9649
     -8.53800        -12.9747
     -8.55098        -12.9845
     -8.56397        -12.9943
     -8.57697        -13.0041
     -8.58998        -13.0139
     -8.60300        -13.0237
     -8.61603        -13.0335
     -8.62907        -13.0433
     -8.64211        -13.0531
     -8.65517        -13.0629
     -8.66824        -13.0727
     -8.68132        -13.0825
     -8.69441        -13.0923
     -8.70750        -13.1021
     -8.72061        -13.1119
     -8.73373        -13.1217
     -8.74685        -13.1315
     -8.75999        -13.1413
     -8.77314        -13.1511
     -8.78629        -13.1609
     -8.79946        -13.1707
     -8.81263        -13.1805
     -8.82582        -13.1903
     -8.83901        -13.2001
     -8.85222        -13.2099
     -8.86543        -13.2197
     -8.87866        -13.2295
     -8.89189        -13.2393
     -8.90514        -13.2491
     -8.91839        -13.2589
     -8.93165        -13.2687
     -8.94493        -13.2785
     -8.95821        -13.2883
     -8.97151        -13.2981
     -8.98481        -13.3079
     -8.99812        -13.3177
     -9.01144        -13.3275
     -9.02478        -13.3373
     -9.03812        -13.3471
     -9.05147        -13.3569
     -9.06483        -13.3667
     -9.07820        -13.3765
     -9.09159        -13.3863
     -9.10498        -13.3961
     -9.11838        -13.4059
     -9.13179        -13.4157
     -9.14521        -13.4255
     -9.15864        -13.4353
     -9.17208        -13.4451
     -9.18553        -13.4549
     -9.19899        -13.4647
     -9.21246        -13.4745
     -9.22594        -13.4843
     -9.23943        -13.4941
     -9.25293        -13.5039
     -9.26644        -13.5137
     -9.27995        -13.5235
     -9.29348        -13.5333
     -9.30702        -13.5431
     -9.32057        -13.5529
     -9.33413        -13.5627
     -9.34770        -13.5725
     -9.36127        -13.5823
     -9.37486        -13.5921
     -9.38846        -13.6019
     -9.40206        -13.6117
     -9.41568        -13.6215
     -9.42931        -13.6313
     -9.44294        -13.6411
     -9.45659        -13.6509
     -9.47025        -13.6607
     -9.48391        -13.6705
     -9.49759        -13.6803
     -9.51127        -13.6901
     -9.52497        -13.6999
     -9.53867        -13.7097
     -9.55239        -13.7195
     -9.56611        -13.7293
     -9.57984        -13.7391
     -9.59359        -13.7489
     -9.60734        -13.7587
     -9.62111        -13.7685
     -9.63488        -13.7783
     -9.64866        -13.7881
     -9.66246        -13.7979
     -9.67626        -13.8077
     -9.69007        -13.8175
     -9.70389        -13.8273
     -9.71773        -13.8371
     -9.73157        -13.8469
     -9.74542        -13.8567
     -9.75928        -13.8665
     -9.77315        -13.8763
     -9.78703        -13.8861
     -9.80093        -13.8959
     -9.81483        -13.9057
     -9.82874        -13.9155
     -9.84266        -13.9253
     -9.85659        -13.9351
     -9.87053        -13.9449
     -9.88448        -13.9547
     -9.89844        -13.9645
     -9.91241        -13.9743
     -9.92639        -13.9841
     -9.94038        -13.9939
     -9.95437        -14.0037
     -9.96838        -14.0135
     -9.98240        -14.0233
     -9.99643        -14.0331
     -10.0105        -14.0429
     -10.0245        -14.0527
     -10.0386        -14.0625
     -10.0526        -14.0723
     -10.0667        -14.0821
     -10.0808        -14.0919
     -10.0949        -14.1017
     -10.1090        -14.1115
     -10.1231        -14.1213
     -10.1373        -14.1311
     -10.1514        -14.1409
     -10.1655        -14.1507
     -10.1797        -14.1605
     -10.1939        -14.1703
     -10.2080        -14.1801
     -10.2222        -14.1899
     -10.2364        -14.1997
     -10.2506        -14.2095
     -10.2648        -14.2193
     -10.2791        -14.2291
     -10.2933        -14.2389
     -10.3075        -14.2487
     -10.3218        -14.2585
     -10.3360        -14.2683
     -10.3503        -14.2781
     -10.3646        -14.2879
     -10.3789        -14.2977
     -10.3932        -14.3075
     -10.4075        -14.3173
     -10.4218        -14.3271
     -10.4362        -14.3369
     -10.4505        -14.3467
     -10.4649        -14.3565
     -10.4792        -14.3663
     -10.4936        -14.3761
     -10.5080        -14.3859
     -10.5224        -14.3957
     -10.5368        -14.4055
     -10.5512        -14.4153
     -10.5656        -14.4251
     -10.5800        -14.4349
     -10.5945        -14.4447
     -10.6089        -14.4545
     -10.6234        -14.4643
     -10.6378        -14.4741
     -10.6523        -14.4839
     -10.6668        -14.4937
     -10.6813        -14.5035
     -10.6958        -14.5133
     -10.7103        -14.5231
     -10.7249        -14.5329
     -10.7394        -14.5427
     -10.7540        -14.5525
     -10.7685        -14.5623
     -10.7831        -14.5721
     -10.7977        -14.5819
     -10.8122        -14.5917
     -10.8268        -14.6015
     -10.8414        -14.6113
     -10.8561        -14.6211
     -10.8707        -14.6309
     -10.8853        -14.6407
     -10.9000        -14.6505
     -10.9146        -14.6603
     -10.9293        -14.6701
     -10.9440        -14.6799
     -10.9586        -14.6897
     -10.9733        -14.6995
     -10.9880        -14.7093
     -11.0028        -14.7191
     -11.0175        -14.7289
     -11.0322        -14.7387
     -11.0470        -14.7485
     -11.0617        -14.7583
     -11.0765        -14.7681
     -11.0913        -14.7779
     -11.1060        -14.7877
     -11.1208        -14.7975
     -11.1356        -14.8073
     -11.1504        -14.8171
     -11.1653        -14.8269
     -11.1801        -14.8367
     -11.1949        -14.8465
     -11.2098        -14.8563
     -11.2246        -14.8661
     -11.2395        -14.8759
     -11.2544        -14.8857
     -11.2693        -14.8955
     -11.2842        -14.9053
     -11.2991        -14.9151
     -11.3140        -14.9249
     -11.3290        -14.9347
     -11.3439        -14.9445
     -11.3588        -14.9543
     -11.3738        -14.9641
     -11.3888        -14.9739
     -11.4037        -14.9837
     -11.4187        -14.9935
     -11.4337        -15.0033
     -11.4487        -15.0131
     -11.4638        -15.0229
     -11.4788        -15.0327
     -11.4938        -15.0425
     -11.5089        -15.0523
     -11.5239        -15.0621
     -11.5390        -15.0719
     -11.5541        -15.0817
     -11.5692        -15.0915
     -11.5843        -15.1013
     -11.5994        -15.1111
     -11.6145        -15.1209
     -11.6296        -15.1307
     -11.6447        -15.1405
     -11.6599        -15.1503
     -11.6750        -15.1601
     -11.6902        -15.1699
     -11.7054        -15.1797
     -11.7206        -15.1895
     -11.7358        -15.1993
     -11.7510        -15.2091
     -11.7662        -15.2189
     -11.7814        -15.2287
     -11.7966        -15.2385
     -11.8119        -15.2483
     -11.8271        -15.2581
     -11.8424        -15.2679
     -11.8577        -15.2777
     -11.8730        -15.2875
     -11.8882        -15.2973
     -11.9035        -15.3071
     -11.9189        -15.3169
     -11.9342        -15.3267
     -11.9495        -15.3365
     -11.9649        -15.3463
     -11.9802        -15.3561
     -11.9956        -15.3659
     -12.0109        -15.3757
     -12.0263        -15.3855
     -12.0417        -15.3953
     -12.0571        -15.4051
     -12.0725        -15.4149
     -12.0879        -15.4247
     -12.1034        -15.4345
     -12.1188        -15.4443
     -12.1343        -15.4541
     -12.1497        -15.4639
     -12.1652        -15.4737
     -12.1807        -15.4835
     -12.1962        -15.4933
     -12.2117        -15.5031
     -12.2272        -15.5129
     -12.2427        -15.5227
     -12.2582        -15.5325
     -12.2737        -15.5423
     -12.2893        -15.5521
     -12.3048        -15.5619
     -12.3204        -15.5717
     -12.3360        -15.5815
     -12.3516        -15.5913
     -12.3672        -15.6011
     -12.3828        -15.6109
     -12.3984        -15.6207
     -12.4140        -15.6305
     -12.4297        -15.6403
     -12.4453        -15.6501
     -12.4610        -15.6599
     -12.4766        -15.6697
     -12.4923        -15.6795
     -12.5080        -15.6893
     -12.5237        -15.6991
     -12.5394        -15.7089
     -12.5551        -15.7187
     -12.5708        -15.7285
     -12.5865        -15.7383
     -12.6023        -15.7481
     -12.6180        -15.7579
     -12.6338        -15.7677
     -12.6496        -15.7775
     -12.6654        -15.7873
     -12.6812        -15.7971
     -12.6970        -15.8069
     -12.7128        -15.8167
     -12.7286        -15.8265
     -12.7444        -15.8363
     -12.7603        -15.8461
     -12.7761        -15.8559
     -12.7920        -15.8657
     -12.8078        -15.8755
     -12.8237        -15.8853
     -12.8396        -15.8951
     -12.8555        -15.9049
     -12.8714        -15.9147
     -12.8873        -15.9245
     -12.9033        -15.9343
     -12.9192        -15.9441
     -12.9352        -15.9539
     -12.9511        -15.9637
     -12.9671        -15.9735
     -12.9831        -15.9833
     -12.9991        -15.9931
     -13.0151        -16.0029
     -13.0311        -16.0127
     -13.0471        -16.0225
     -13.0631        -16.0323
     -13.0791        -16.0421
     -13.0952        -16.0519
     -13.1112        -16.0617
     -13.1273        -16.0715
     -13.1434        -16.0813
     -13.1595        -16.0911
     -13.1756        -16.1009
     -13.1917        -16.1107
     -13.2078        -16.1205
     -13.2239        -16.1303
     -13.2401        -16.1401
     -13.2562        -16.1499
     -13.2724        -16.1597
     -13.2885        -16.1695
     -13.3047        -16.1793
     -13.3209        -16.1891
     -13.3371        -16.1989
     -13.3533        -16.2087
     -13.3695        -16.2185
     -13.3857        -16.2283
     -13.4019        -16.2381
     -13.4182        -16.2479
     -13.4344        -16.2577
     -13.4507        -16.2675
     -13.4670        -16.2773
     -13.4833        -16.2871
     -13.4996        -16.2969
     -13.5159        -16.3067
     -13.5322        -16.3165
     -13.5485        -16.3263
     -13.5648        -16.3361
     -13.5812        -16.3459
     -13.5975        -16.3557
     -13.6139        -16.3655
     -13.6302        -16.3753
     -13.6466        -16.3851
     -13.6630        -16.3949
     -13.6794        -16.4047
     -13.6958        -16.4145
     -13.7122        -16.4243
     -13.7287        -16.4341
     -13.7451        -16.4439
     -13.7616        -16.4537
     -13.7780        -16.4635
     -13.7945        -16.4733
     -13.8110        -16.4831
     -13.8275        -16.4929
     -13.8440        -16.5027
     -13.8605        -16.5125
     -13.8770        -16.5223
     -13.8935        -16.5321
     -13.9100        -16.5419
     -13.9266        -16.5517
     -13.9431        -16.5615
     -13.9597        -16.5713
     -13.9763        -16.5811
     -13.9929        -16.5909
     -14.0095        -16.6007
     -14.0261        -16.6105
     -14.0427        -16.6203
     -14.0593        -16.6301
     -14.0759        -16.6399
     -14.0926        -16.6497
     -14.1092        -16.6595
     -14.1259        -16.6693
     -14.1426        -16.6791
     -14.1593        -16.6889
     -14.1760        -16.6987
     -14.1927        -16.7085
     -14.2094        -16.7183
     -14.2261        -16.7281
     -14.2428        -16.7379
     -14.2596        -16.7477
     -14.2763        -16.7575
     -14.2931        -16.7673
     -14.3099        -16.7771
     -14.3267        -16.7869
     -14.3434        -16.7967
     -14.3602        -16.8065
     -14.3771        -16.8163
     -14.3939        -16.8261
     -14.4107        -16.8359
     -14.4275        -16.8457
     -14.4444        -16.8555
     -14.4613        -16.8653
     -14.4781        -16.8751
     -14.4950        -16.8849
     -14.5119        -16.8947
     -14.5288        -16.9045
     -14.5457        -16.9143
     -14.5626        -16.9241
     -14.5796        -16.9339
     -14.5965        -16.9437
     -14.6134        -16.9535
     -14.6304        -16.9633
     -14.6474        -16.9731
     -14.6643        -16.9829
     -14.6813        -16.9927
     -14.6983        -17.0025
     -14.7153        -17.0123
     -14.7324        -17.0221
     -14.7494        -17.0319
     -14.7664        -17.0417
     -14.7835        -17.0515
     -14.8005        -17.0613
     -14.8176        -17.0711
     -14.8347        -17.0809
     -14.8518        -17.0907
     -14.8689        -17.1005
     -14.8860        -17.1103
     -14.9031        -17.1201
     -14.9202        -17.1299
     -14.9373        -17.1397
     -14.9545        -17.1495
     -14.9716        -17.1593
     -14.9888        -17.1691
     -15.0060        -17.1789
     -15.0232        -17.1887
     -15.0403        -17.1985
     -15.0575        -17.2083
     -15.0748        -17.2181
     -15.0920        -17.2279
     -15.1092        -17.2377
     -15.1265        -17.2475
     -15.1437        -17.2573
     -15.1610        -17.2671
     -15.1782        -17.2769
     -15.1955        -17.2867
     -15.2128        -17.2965
     -15.2301        -17.3063
     -15.2474        -17.3161
     -15.2648        -17.3259
     -15.2821        -17.3357
     -15.2994        -17.3455
     -15.3168        -17.3553
     -15.3341        -17.3651
     -15.3515        -17.3749
     -15.3689        -17.3847
     -15.3863        -17.3945
     -15.4037        -17.4043
     -15.4211        -17.4141
     -15.4385        -17.4239
     -15.4559        -17.4337
     -15.4734        -17.4435
     -15.4908        -17.4533
     -15.5083        -17.4631
     -15.5257        -17.4729
     -15.5432        -17.4827
     -15.5607        -17.4925
     -15.5782        -17.5023
     -15.5957        -17.5121
     -15.6132        -17.5219
     -15.6308        -17.5317
     -15.6483        -17.5415
     -15.6658        -17.5513
     -15.6834        -17.5611
     -15.7010        -17.5709
     -15.7185        -17.5807
     -15.7361        -17.5905
     -15.7537        -17.6003
     -15.7713        -17.6101
     -15.7889        -17.6199
     -15.8066        -17.6297
     -15.8242        -17.6395
     -15.8418        -17.6493
     -15.8595        -17.6591
     -15.8772        -17.6689
     -15.8948        -17.6787
     -15.9125        -17.6885
     -15.9302        -17.6983
     -15.9479        -17.7081
     -15.9656        -17.7179
     -15.9834        -17.7277
     -16.0011        -17.7375
     -16.0188        -17.7473
     -16.0366        -17.7571
     -16.0543        -17.7669
     -16.0721        -17.7767
     -16.0899        -17.7865
     -16.1077        -17.7963
     -16.1255        -17.8061
     -16.1433        -17.8159
     -16.1611        -17.8257
     -16.1790        -17.8355
     -16.1968        -17.8453
     -16.2146        -17.8551
     -16.2325        -17.8649
     -16.2504        -17.8747
     -16.2683        -17.8845
     -16.2861        -17.8943
     -16.3040        -17.9041
     -16.3219        -17.9139
     -16.3399        -17.9237
     -16.3578        -17.9335
     -16.3757        -17.9433
     -16.3937        -17.9531
     -16.4116        -17.9629
     -16.4296        -17.9727
     -16.4476        -17.9825
     -16.4656        -17.9923
     -16.4836        -18.0021
     -16.5016        -18.0119
     -16.5196        -18.0217
     -16.5376        -18.0315
     -16.5557        -18.0413
     -16.5737        -18.0511
     -16.5918        -18.0609
     -16.6098        -18.0707
     -16.6279        -18.0805
     -16.6460        -18.0903
     -16.6641        -18.1001
     -16.6822        -18.1099
     -16.7003        -18.1197
     -16.7184        -18.1295
     -16.7366        -18.1393
     -16.7547        -18.1491
     -16.7729        -18.1589
     -16.7910        -18.1687
     -16.8092        -18.1785
     -16.8274        -18.1883
     -16.8456        -18.1981
     -16.8638        -18.2079
     -16.8820        -18.2177
     -16.9002        -18.2275
     -16.9184        -18.2373
     -16.9367        -18.2471
     -16.9549        -18.2569
     -16.9732        -18.2667
     -16.9915        -18.2765
     -17.0098        -18.2863
     -17.0280        -18.2961
     -17.0463        -18.3059
     -17.0647        -18.3157
     -17.0830        -18.3255
     -17.1013        -18.3353
     -17.1196        -18.3451
     -17.1380        -18.3549
     -17.1564        -18.3647
     -17.1747        -18.3745
     -17.1931        -18.3843
     -17.2115        -18.3941
     -17.2299        -18.4039
     -17.2483        -18.4137
     -17.2667        -18.4235
     -17.2852        -18.4333
     -17.3036        -18.4431
     -17.3220        -18.4529
     -17.3405        -18.4627
     -17.3590        -18.4725
     -17.3774        -18.4823
     -17.3959        -18.4921
     -17.4144        -18.5019
     -17.4329        -18.5117
     -17.4514        -18.5215
     -17.4700        -18.5313
     -17.4885        -18.5411
     -17.5071        -18.5509
     -17.5256        -18.5607
     -17.5442        -18.5705
     -17.5628        -18.5803
     -17.5813        -18.5901
