     1.000000E-03    0.990200
     2.000000E-03    0.980400
     3.000000E-03    0.970600
     4.000000E-03    0.960800
     5.000000E-03    0.951000
     6.000001E-03    0.941200
     7.000001E-03    0.931400
     8.000000E-03    0.921600
     9.000001E-03    0.911800
     1.000000E-02    0.902000
     1.100000E-02    0.892200
     1.200000E-02    0.882400
     1.300000E-02    0.872600
     1.400000E-02    0.862800
     1.500000E-02    0.853000
     1.600000E-02    0.843200
     1.700000E-02    0.833400
     1.800000E-02    0.823600
     1.900000E-02    0.813800
     2.000000E-02    0.804000
     2.100000E-02    0.794200
     2.200000E-02    0.784400
     2.300000E-02    0.774600
     2.400000E-02    0.764800
     2.500000E-02    0.755000
     2.600000E-02    0.745200
     2.700000E-02    0.735400
     2.800000E-02    0.725600
     2.900000E-02    0.715800
     3.000000E-02    0.705999
     3.100000E-02    0.696199
     3.200000E-02    0.686399
     3.300000E-02    0.676599
     3.400000E-02    0.666799
     3.500000E-02    0.656999
     3.599999E-02    0.647199
     3.699999E-02    0.637399
     3.799999E-02    0.627599
     3.899999E-02    0.617799
     3.999999E-02    0.607999
     4.099999E-02    0.598199
     4.199998E-02    0.588399
     4.299998E-02    0.578599
     4.399998E-02    0.568799
     4.499998E-02    0.558999
     4.599998E-02    0.549199
     4.699998E-02    0.539399
     4.799997E-02    0.529599
     4.899997E-02    0.519799
     4.999997E-02    0.509999
     5.099997E-02    0.500199
     5.199997E-02    0.490399
     5.299997E-02    0.480599
     5.399996E-02    0.470799
     5.499996E-02    0.460999
     5.599996E-02    0.451199
     5.699996E-02    0.441399
     5.799996E-02    0.431599
     5.899996E-02    0.421799
     5.999995E-02    0.411999
     6.099995E-02    0.402199
     6.199995E-02    0.392399
     6.299995E-02    0.382599
     6.399995E-02    0.372799
     6.499995E-02    0.362999
     6.599995E-02    0.353199
     6.699996E-02    0.343399
     6.799996E-02    0.333599
     6.899996E-02    0.323799
     6.999996E-02    0.313999
     7.099997E-02    0.304199
     7.199997E-02    0.294399
     7.299997E-02    0.284599
     7.399997E-02    0.274799
     7.499997E-02    0.264999
     7.599998E-02    0.255199
     7.699998E-02    0.245399
     7.799998E-02    0.235599
     7.899998E-02    0.225799
     7.999998E-02    0.215999
     8.099999E-02    0.206199
     8.199999E-02    0.196399
     8.299999E-02    0.186599
     8.399999E-02    0.176799
     8.499999E-02    0.166999
     8.600000E-02    0.157199
     8.700000E-02    0.147399
     8.800000E-02    0.137599
     8.900000E-02    0.127799
     9.000000E-02    0.117999
     9.100001E-02    0.108199
     9.200001E-02    9.839943E-02
     9.300001E-02    8.859943E-02
     9.400001E-02    7.879943E-02
     9.500001E-02    6.899942E-02
     9.600002E-02    5.919942E-02
     9.700002E-02    4.939942E-02
     9.800002E-02    3.959942E-02
     9.900002E-02    2.979942E-02
     0.100000        1.999942E-02
     0.101000        1.019942E-02
     0.102000        3.994182E-04
     0.103000       -9.400582E-03
     0.104000       -1.920058E-02
     0.105000       -2.900058E-02
     0.106000       -3.880058E-02
     0.107000       -4.860058E-02
     0.108000       -5.840059E-02
     0.109000       -6.820059E-02
     0.110000       -7.800059E-02
     0.111000       -8.780059E-02
     0.112000       -9.760059E-02
     0.113000       -0.107401
     0.114000       -0.117201
     0.115000       -0.127001
     0.116000       -0.136801
     0.117000       -0.146601
     0.118000       -0.156401
     0.119000       -0.166201
     0.120000       -0.176001
     0.121000       -0.185801
     0.122000       -0.195601
     0.123000       -0.205401
     0.124000       -0.215201
     0.125000       -0.225001
     0.126000       -0.234801
     0.127000       -0.244601
     0.128000       -0.254401
     0.129000       -0.264201
     0.130000       -0.274001
     0.131000       -0.283801
     0.132000       -0.293601
     0.133000       -0.303401
     0.134000       -0.313201
     0.135000       -0.323001
     0.136000       -0.332801
     0.137000       -0.342600
     0.138000       -0.352400
     0.139000       -0.362200
     0.140000       -0.372000
     0.141000       -0.381800
     0.142000       -0.391600
     0.143000       -0.401400
     0.144000       -0.411200
     0.145000       -0.421000
     0.146000       -0.430800
     0.147000       -0.440600
     0.148000       -0.450400
     0.149000       -0.460200
     0.150000       -0.470000
     0.151000       -0.479800
     0.152000       -0.489600
     0.153000       -0.499400
     0.154000       -0.509200
     0.155000       -0.519000
     0.156000       -0.528800
     0.157000       -0.538600
     0.158000       -0.548400
     0.159000       -0.558200
     0.160000       -0.568000
     0.161000       -0.577800
     0.162000       -0.587600
     0.163000       -0.597400
     0.164000       -0.607200
     0.165000       -0.617000
     0.166000       -0.626800
     0.167000       -0.636600
     0.168000       -0.646401
     0.169000       -0.656201
     0.170000       -0.666001
     0.171000       -0.675801
     0.172000       -0.685601
     0.173000       -0.695401
     0.174000       -0.705201
     0.175000       -0.715001
     0.176000       -0.724801
     0.177000       -0.734601
     0.178000       -0.744401
     0.179000       -0.754201
     0.180000       -0.764001
     0.181000       -0.773801
     0.182000       -0.783601
     0.183000       -0.793401
     0.184000       -0.803201
     0.185000       -0.813001
     0.186000       -0.822801
     0.187000       -0.832601
     0.188000       -0.842401
     0.189000       -0.852201
     0.190000       -0.862001
     0.191000       -0.871801
     0.192000       -0.881601
     0.193000       -0.891401
     0.194000       -0.901201
     0.195000       -0.911001
     0.196000       -0.920801
     0.197000       -0.930601
     0.198000       -0.940401
     0.199000       -0.950201
     0.200000       -0.960001
     0.201000       -0.969801
     0.202000       -0.979601
     0.203000       -0.989401
     0.204000       -0.999201
     0.205000        -1.00900
     0.206000        -1.01880
     0.207000        -1.02860
     0.208000        -1.03840
     0.209000        -1.04820
     0.210000        -1.05800
     0.211000        -1.06780
     0.212000        -1.07760
     0.213000        -1.08740
     0.214000        -1.09720
     0.215000        -1.10700
     0.216000        -1.11680
     0.217000        -1.12660
     0.218000        -1.13640
     0.219000        -1.14620
     0.220000        -1.15600
     0.221000        -1.16580
     0.222000        -1.17560
     0.223000        -1.18540
     0.224000        -1.19520
     0.225000        -1.20500
     0.226000        -1.21480
     0.227000        -1.22460
     0.228000        -1.23440
     0.229000        -1.24420
     0.230000        -1.25400
     0.231000        -1.26380
     0.232000        -1.27360
     0.233000        -1.28340
     0.234000        -1.29320
     0.235000        -1.30300
     0.236000        -1.31280
     0.237000        -1.32260
     0.238000        -1.33240
     0.239000        -1.34220
     0.240000        -1.35200
     0.241000        -1.36180
     0.242000        -1.37160
     0.243000        -1.38140
     0.244000        -1.39120
     0.245000        -1.40100
     0.246000        -1.41080
     0.247000        -1.42060
     0.248000        -1.43040
     0.249000        -1.44020
     0.250000        -1.45000
     0.251000        -1.45980
     0.252000        -1.46960
     0.253000        -1.47940
     0.254000        -1.48920
     0.255000        -1.49900
     0.256000        -1.50880
     0.257000        -1.51860
     0.258000        -1.52840
     0.259000        -1.53820
     0.260000        -1.54800
     0.261000        -1.55780
     0.262000        -1.56760
     0.263000        -1.57740
     0.264000        -1.58720
     0.265000        -1.59700
     0.266000        -1.60680
     0.267000        -1.61660
     0.268000        -1.62640
     0.269000        -1.63620
     0.270000        -1.64600
     0.271000        -1.65580
     0.272000        -1.66560
     0.273000        -1.67540
     0.274000        -1.68520
     0.275000        -1.69500
     0.276000        -1.70480
     0.277000        -1.71460
     0.278000        -1.72440
     0.279000        -1.73420
     0.280000        -1.74400
     0.281000        -1.75380
     0.282000        -1.76360
     0.283000        -1.77340
     0.284000        -1.78320
     0.285000        -1.79300
     0.286000        -1.80280
     0.287000        -1.81260
     0.288000        -1.82240
     0.289000        -1.83220
     0.290000        -1.84200
     0.291000        -1.85180
     0.292000        -1.86160
     0.293000        -1.87140
     0.294000        -1.88120
     0.295000        -1.89100
     0.296000        -1.90080
     0.297000        -1.91060
     0.298000        -1.92040
     0.299000        -1.93020
     0.300000        -1.94000
     0.301000        -1.94980
     0.302000        -1.95960
     0.303000        -1.96940
     0.304000        -1.97920
     0.305000        -1.98900
     0.306000        -1.99880
     0.307000        -2.00860
     0.308000        -2.01840
     0.309000        -2.02820
     0.310000        -2.03800
     0.311000        -2.04780
     0.312000        -2.05760
     0.313000        -2.06740
     0.314000        -2.07720
     0.314999        -2.08700
     0.315999        -2.09680
     0.316999        -2.10660
     0.317999        -2.11640
     0.318999        -2.12620
     0.319999        -2.13600
     0.320999        -2.14580
     0.321999        -2.15560
     0.322999        -2.16540
     0.323999        -2.17520
     0.324999        -2.18500
     0.325999        -2.19480
     0.326999        -2.20460
     0.327999        -2.21440
     0.328999        -2.22420
     0.329999        -2.23400
     0.330999        -2.24380
     0.331999        -2.25360
     0.332999        -2.26340
     0.333999        -2.27320
     0.334999        -2.28300
     0.335999        -2.29280
     0.336999        -2.30260
     0.337999        -2.31240
     0.338999        -2.32220
     0.339999        -2.33200
     0.340999        -2.34180
     0.341999        -2.35160
     0.342999        -2.36140
     0.343999        -2.37120
     0.344999        -2.38100
     0.345999        -2.39080
     0.346999        -2.40060
     0.347999        -2.41040
     0.348999        -2.42020
     0.349999        -2.43000
     0.350999        -2.43980
     0.351999        -2.44959
     0.352999        -2.45939
     0.353999        -2.46919
     0.354999        -2.47899
     0.355999        -2.48879
     0.356999        -2.49859
     0.357999        -2.50839
     0.358999        -2.51819
     0.359999        -2.52799
     0.360999        -2.53779
     0.361999        -2.54759
     0.362999        -2.55739
     0.363999        -2.56719
     0.364999        -2.57699
     0.365999        -2.58679
     0.366999        -2.59659
     0.367999        -2.60639
     0.368999        -2.61619
     0.369999        -2.62599
     0.370999        -2.63579
     0.371999        -2.64559
     0.372999        -2.65539
     0.373999        -2.66519
     0.374999        -2.67499
     0.375999        -2.68479
     0.376999        -2.69459
     0.377999        -2.70439
     0.378999        -2.71419
     0.379999        -2.72399
     0.380999        -2.73379
     0.381999        -2.74359
     0.382999        -2.75339
     0.383999        -2.76319
     0.384999        -2.77299
     0.385999        -2.78279
     0.386999        -2.79259
     0.387999        -2.80239
     0.388999        -2.81219
     0.389999        -2.82199
     0.390999        -2.83179
     0.391998        -2.84159
     0.392998        -2.85139
     0.393998        -2.86119
     0.394998        -2.87099
     0.395998        -2.88079
     0.396998        -2.89059
     0.397998        -2.90039
     0.398998        -2.91019
     0.399998        -2.91999
     0.400998        -2.92979
     0.401998        -2.93959
     0.402998        -2.94939
     0.403998        -2.95919
     0.404998        -2.96899
     0.405998        -2.97879
     0.406998        -2.98859
     0.407998        -2.99839
     0.408998        -3.00819
     0.409998        -3.01799
     0.410998        -3.02779
     0.411998        -3.03759
     0.412998        -3.04739
     0.413998        -3.05719
     0.414998        -3.06699
     0.415998        -3.07679
     0.416998        -3.08659
     0.417998        -3.09639
     0.418998        -3.10619
     0.419998        -3.11599
     0.420998        -3.12579
     0.421998        -3.13559
     0.422998        -3.14539
     0.423998        -3.15519
     0.424998        -3.16499
     0.425998        -3.17479
     0.426998        -3.18459
     0.427998        -3.19439
     0.428998        -3.20419
     0.429998        -3.21399
     0.430998        -3.22379
     0.431998        -3.23359
     0.432998        -3.24339
     0.433998        -3.25319
     0.434998        -3.26299
     0.435998        -3.27279
     0.436998        -3.28259
     0.437998        -3.29239
     0.438998        -3.30219
     0.439998        -3.31199
     0.440998        -3.32179
     0.441998        -3.33159
     0.442998        -3.34139
     0.443998        -3.35119
     0.444998        -3.36099
     0.445998        -3.37079
     0.446998        -3.38059
     0.447998        -3.39039
     0.448998        -3.40019
     0.449998        -3.40999
     0.450998        -3.41979
     0.451998        -3.42959
     0.452998        -3.43939
     0.453998        -3.44919
     0.454998        -3.45899
     0.455998        -3.46879
     0.456998        -3.47859
     0.457998        -3.48839
     0.458998        -3.49819
     0.459998        -3.50799
     0.460998        -3.51779
     0.461998        -3.52759
     0.462998        -3.53739
     0.463998        -3.54719
     0.464998        -3.55699
     0.465998        -3.56679
     0.466998        -3.57659
     0.467998        -3.58639
     0.468998        -3.59619
     0.469997        -3.60599
     0.470997        -3.61579
     0.471997        -3.62559
     0.472997        -3.63539
     0.473997        -3.64519
     0.474997        -3.65499
     0.475997        -3.66479
     0.476997        -3.67459
     0.477997        -3.68439
     0.478997        -3.69419
     0.479997        -3.70399
     0.480997        -3.71379
     0.481997        -3.72359
     0.482997        -3.73339
     0.483997        -3.74319
     0.484997        -3.75299
     0.485997        -3.76279
     0.486997        -3.77259
     0.487997        -3.78239
     0.488997        -3.79219
     0.489997        -3.80199
     0.490997        -3.81179
     0.491997        -3.82159
     0.492997        -3.83139
     0.493997        -3.84119
     0.494997        -3.85099
     0.495997        -3.86079
     0.496997        -3.87059
     0.497997        -3.88039
     0.498997        -3.89019
     0.499997        -3.89999
     0.500997        -3.90979
     0.501997        -3.91959
     0.502997        -3.92939
     0.503997        -3.93919
     0.504997        -3.94899
     0.505997        -3.95879
     0.506997        -3.96859
     0.507997        -3.97839
     0.508997        -3.98819
     0.509997        -3.99799
     0.510997        -4.00779
     0.511997        -4.01759
     0.512997        -4.02739
     0.513997        -4.03719
     0.514997        -4.04699
     0.515997        -4.05679
     0.516997        -4.06659
     0.517997        -4.07639
     0.518997        -4.08619
     0.519997        -4.09599
     0.520997        -4.10579
     0.521997        -4.11559
     0.522997        -4.12539
     0.523997        -4.13519
     0.524997        -4.14499
     0.525997        -4.15479
     0.526997        -4.16459
     0.527997        -4.17439
     0.528997        -4.18419
     0.529997        -4.19399
     0.530997        -4.20379
     0.531997        -4.21359
     0.532997        -4.22339
     0.533997        -4.23319
     0.534997        -4.24299
     0.535997        -4.25279
     0.536997        -4.26259
     0.537997        -4.27239
     0.538997        -4.28219
     0.539997        -4.29199
     0.540997        -4.30179
     0.541997        -4.31159
     0.542997        -4.32139
     0.543997        -4.33119
     0.544997        -4.34099
     0.545997        -4.35079
     0.546997        -4.36059
     0.547997        -4.37039
     0.548997        -4.38019
     0.549996        -4.38999
     0.550996        -4.39979
     0.551996        -4.40959
     0.552996        -4.41939
     0.553996        -4.42919
     0.554996        -4.43899
     0.555996        -4.44879
     0.556996        -4.45859
     0.557996        -4.46839
     0.558996        -4.47819
     0.559996        -4.48799
     0.560996        -4.49779
     0.561996        -4.50759
     0.562996        -4.51739
     0.563996        -4.52719
     0.564996        -4.53699
     0.565996        -4.54679
     0.566996        -4.55659
     0.567996        -4.56639
     0.568996        -4.57619
     0.569996        -4.58599
     0.570996        -4.59579
     0.571996        -4.60559
     0.572996        -4.61539
     0.573996        -4.62519
     0.574996        -4.63499
     0.575996        -4.64479
     0.576996        -4.65459
     0.577996        -4.66439
     0.578996        -4.67419
     0.579996        -4.68399
     0.580996        -4.69379
     0.581996        -4.70359
     0.582996        -4.71339
     0.583996        -4.72319
     0.584996        -4.73299
     0.585996        -4.74278
     0.586996        -4.75258
     0.587996        -4.76238
     0.588996        -4.77218
     0.589996        -4.78198
     0.590996        -4.79178
     0.591996        -4.80158
     0.592996        -4.81138
     0.593996        -4.82118
     0.594996        -4.83098
     0.595996        -4.84078
     0.596996        -4.85058
     0.597996        -4.86038
     0.598996        -4.87018
     0.599996        -4.87998
     0.600996        -4.88978
     0.601996        -4.89958
     0.602996        -4.90938
     0.603996        -4.91918
     0.604996        -4.92898
     0.605996        -4.93878
     0.606996        -4.94858
     0.607996        -4.95838
     0.608996        -4.96818
     0.609996        -4.97798
     0.610996        -4.98778
     0.611996        -4.99758
     0.612996        -5.00738
     0.613996        -5.01718
     0.614996        -5.02698
     0.615996        -5.03678
     0.616996        -5.04658
     0.617996        -5.05638
     0.618996        -5.06618
     0.619996        -5.07598
     0.620996        -5.08578
     0.621996        -5.09558
     0.622996        -5.10538
     0.623996        -5.11518
     0.624996        -5.12498
     0.625996        -5.13478
     0.626996        -5.14458
     0.627995        -5.15438
     0.628995        -5.16418
     0.629995        -5.17398
     0.630995        -5.18378
     0.631995        -5.19358
     0.632995        -5.20338
     0.633995        -5.21318
     0.634995        -5.22298
     0.635995        -5.23278
     0.636995        -5.24258
     0.637995        -5.25238
     0.638995        -5.26218
     0.639995        -5.27198
     0.640995        -5.28178
     0.641995        -5.29158
     0.642995        -5.30138
     0.643995        -5.31118
     0.644995        -5.32098
     0.645995        -5.33078
     0.646995        -5.34058
     0.647995        -5.35038
     0.648995        -5.36018
     0.649995        -5.36998
     0.650995        -5.37978
     0.651995        -5.38958
     0.652995        -5.39938
     0.653995        -5.40918
     0.654995        -5.41898
     0.655995        -5.42878
     0.656995        -5.43858
     0.657995        -5.44838
     0.658995        -5.45818
     0.659995        -5.46798
     0.660995        -5.47778
     0.661995        -5.48758
     0.662995        -5.49738
     0.663995        -5.50718
     0.664995        -5.51698
     0.665995        -5.52678
     0.666995        -5.53658
     0.667995        -5.54638
     0.668995        -5.55618
     0.669995        -5.56598
     0.670995        -5.57578
     0.671995        -5.58558
     0.672995        -5.59538
     0.673995        -5.60518
     0.674995        -5.61498
     0.675995        -5.62478
     0.676995        -5.63458
     0.677995        -5.64438
     0.678995        -5.65418
     0.679995        -5.66398
     0.680995        -5.67378
     0.681995        -5.68358
     0.682995        -5.69338
     0.683995        -5.70318
     0.684995        -5.71298
     0.685995        -5.72278
     0.686995        -5.73258
     0.687995        -5.74238
     0.688995        -5.75218
     0.689995        -5.76198
     0.690995        -5.77178
     0.691995        -5.78158
     0.692995        -5.79138
     0.693995        -5.80118
     0.694995        -5.81098
     0.695995        -5.82078
     0.696995        -5.83058
     0.697995        -5.84038
     0.698995        -5.85018
     0.699995        -5.85998
     0.700995        -5.86978
     0.701995        -5.87958
     0.702995        -5.88938
     0.703995        -5.89918
     0.704994        -5.90898
     0.705994        -5.91878
     0.706994        -5.92858
     0.707994        -5.93838
     0.708994        -5.94818
     0.709994        -5.95798
     0.710994        -5.96778
     0.711994        -5.97758
     0.712994        -5.98738
     0.713994        -5.99718
     0.714994        -6.00698
     0.715994        -6.01678
     0.716994        -6.02658
     0.717994        -6.03638
     0.718994        -6.04618
     0.719994        -6.05598
     0.720994        -6.06578
     0.721994        -6.07558
     0.722994        -6.08538
     0.723994        -6.09518
     0.724994        -6.10498
     0.725994        -6.11478
     0.726994        -6.12458
     0.727994        -6.13438
     0.728994        -6.14418
     0.729994        -6.15398
     0.730994        -6.16378
     0.731994        -6.17358
     0.732994        -6.18338
     0.733994        -6.19318
     0.734994        -6.20298
     0.735994        -6.21278
     0.736994        -6.22258
     0.737994        -6.23238
     0.738994        -6.24218
     0.739994        -6.25198
     0.740994        -6.26178
     0.741994        -6.27158
     0.742994        -6.28138
     0.743994        -6.29118
     0.744994        -6.30098
     0.745994        -6.31078
     0.746994        -6.32058
     0.747994        -6.33038
     0.748994        -6.34018
     0.749994        -6.34998
     0.750994        -6.35978
     0.751994        -6.36958
     0.752994        -6.37938
     0.753994        -6.38918
     0.754994        -6.39898
     0.755994        -6.40878
     0.756994        -6.41858
     0.757994        -6.42838
     0.758994        -6.43818
     0.759994        -6.44798
     0.760994        -6.45778
     0.761994        -6.46758
     0.762994        -6.47738
     0.763994        -6.48718
     0.764994        -6.49698
     0.765994        -6.50678
     0.766994        -6.51658
     0.767994        -6.52638
     0.768994        -6.53618
     0.769994        -6.54598
     0.770994        -6.55578
     0.771994        -6.56558
     0.772994        -6.57538
     0.773994        -6.58518
     0.774994        -6.59498
     0.775994        -6.60478
     0.776994        -6.61458
     0.777994        -6.62438
     0.778994        -6.63418
     0.779994        -6.64398
     0.780994        -6.65378
     0.781994        -6.66358
     0.782993        -6.67338
     0.783993        -6.68318
     0.784993        -6.69298
     0.785993        -6.70278
     0.786993        -6.71258
     0.787993        -6.72238
     0.788993        -6.73218
     0.789993        -6.74198
     0.790993        -6.75178
     0.791993        -6.76158
     0.792993        -6.77138
     0.793993        -6.78118
     0.794993        -6.79098
     0.795993        -6.80078
     0.796993        -6.81058
     0.797993        -6.82038
     0.798993        -6.83018
     0.799993        -6.83998
     0.800993        -6.84978
     0.801993        -6.85958
     0.802993        -6.86938
     0.803993        -6.87918
     0.804993        -6.88898
     0.805993        -6.89878
     0.806993        -6.90858
     0.807993        -6.91838
     0.808993        -6.92818
     0.809993        -6.93798
     0.810993        -6.94778
     0.811993        -6.95758
     0.812993        -6.96738
     0.813993        -6.97718
     0.814993        -6.98698
     0.815993        -6.99678
     0.816993        -7.00658
     0.817993        -7.01638
     0.818993        -7.02618
     0.819993        -7.03597
     0.820993        -7.04577
     0.821993        -7.05557
     0.822993        -7.06537
     0.823993        -7.07517
     0.824993        -7.08497
     0.825993        -7.09477
     0.826993        -7.10457
     0.827993        -7.11437
     0.828993        -7.12417
     0.829993        -7.13397
     0.830993        -7.14377
     0.831993        -7.15357
     0.832993        -7.16337
     0.833993        -7.17317
     0.834993        -7.18297
     0.835993        -7.19277
     0.836993        -7.20257
     0.837993        -7.21237
     0.838993        -7.22217
     0.839993        -7.23197
     0.840993        -7.24177
     0.841993        -7.25157
     0.842993        -7.26137
     0.843993        -7.27117
     0.844993        -7.28097
     0.845993        -7.29077
     0.846993        -7.30057
     0.847993        -7.31037
     0.848993        -7.32017
     0.849993        -7.32997
     0.850993        -7.33977
     0.851993        -7.34957
     0.852993        -7.35937
     0.853993        -7.36917
     0.854993        -7.37897
     0.855993        -7.38877
     0.856993        -7.39857
     0.857993        -7.40837
     0.858993        -7.41817
     0.859993        -7.42797
     0.860992        -7.43777
     0.861992        -7.44757
     0.862992        -7.45737
     0.863992        -7.46717
     0.864992        -7.47697
     0.865992        -7.48677
     0.866992        -7.49657
     0.867992        -7.50637
     0.868992        -7.51617
     0.869992        -7.52597
     0.870992        -7.53577
     0.871992        -7.54557
     0.872992        -7.55537
     0.873992        -7.56517
     0.874992        -7.57497
     0.875992        -7.58477
     0.876992        -7.59457
     0.877992        -7.60437
     0.878992        -7.61417
     0.879992        -7.62397
     0.880992        -7.63377
     0.881992        -7.64357
     0.882992        -7.65337
     0.883992        -7.66317
     0.884992        -7.67297
     0.885992        -7.68277
     0.886992        -7.69257
     0.887992        -7.70237
     0.888992        -7.71217
     0.889992        -7.72197
     0.890992        -7.73177
     0.891992        -7.74157
     0.892992        -7.75137
     0.893992        -7.76117
     0.894992        -7.77097
     0.895992        -7.78077
     0.896992        -7.79057
     0.897992        -7.80037
     0.898992        -7.81017
     0.899992        -7.81997
     0.900992        -7.82977
     0.901992        -7.83957
     0.902992        -7.84937
     0.903992        -7.85917
     0.904992        -7.86897
     0.905992        -7.87877
     0.906992        -7.88857
     0.907992        -7.89837
     0.908992        -7.90817
     0.909992        -7.91797
     0.910992        -7.92777
     0.911992        -7.93757
     0.912992        -7.94737
     0.913992        -7.95717
     0.914992        -7.96697
     0.915992        -7.97677
     0.916992        -7.98657
     0.917992        -7.99637
     0.918992        -8.00617
     0.919992        -8.01597
     0.920992        -8.02577
     0.921992        -8.03557
     0.922992        -8.04537
     0.923992        -8.05517
     0.924992        -8.06497
     0.925992        -8.07477
     0.926992        -8.08457
     0.927992        -8.09437
     0.928992        -8.10417
     0.929992        -8.11397
     0.930992        -8.12377
     0.931992        -8.13357
     0.932992        -8.14337
     0.933992        -8.15317
     0.934992        -8.16297
     0.935992        -8.17277
     0.936992        -8.18257
     0.937991        -8.19237
     0.938991        -8.20217
     0.939991        -8.21197
     0.940991        -8.22177
     0.941991        -8.23157
     0.942991        -8.24137
     0.943991        -8.25117
     0.944991        -8.26097
     0.945991        -8.27077
     0.946991        -8.28057
     0.947991        -8.29037
     0.948991        -8.30017
     0.949991        -8.30997
     0.950991        -8.31977
     0.951991        -8.32957
     0.952991        -8.33937
     0.953991        -8.34917
     0.954991        -8.35897
     0.955991        -8.36877
     0.956991        -8.37857
     0.957991        -8.38837
     0.958991        -8.39817
     0.959991        -8.40797
     0.960991        -8.41777
     0.961991        -8.42757
     0.962991        -8.43737
     0.963991        -8.44717
     0.964991        -8.45697
     0.965991        -8.46677
     0.966991        -8.47657
     0.967991        -8.48637
     0.968991        -8.49617
     0.969991        -8.50597
     0.970991        -8.51577
     0.971991        -8.52557
     0.972991        -8.53537
     0.973991        -8.54517
     0.974991        -8.55497
     0.975991        -8.56477
     0.976991        -8.57457
     0.977991        -8.58437
     0.978991        -8.59417
     0.979991        -8.60397
     0.980991        -8.61377
     0.981991        -8.62357
     0.982991        -8.63337
     0.983991        -8.64317
     0.984991        -8.65297
     0.985991        -8.66277
     0.986991        -8.67257
     0.987991        -8.68237
     0.988991        -8.69217
     0.989991        -8.70197
     0.990991        -8.71177
     0.991991        -8.72157
     0.992991        -8.73137
     0.993991        -8.74117
     0.994991        -8.75097
     0.995991        -8.76077
     0.996991        -8.77057
     0.997991        -8.78037
     0.998991        -8.79017
     0.999991        -8.79997
      1.00099        -8.80977
      1.00199        -8.81957
      1.00299        -8.82937
      1.00399        -8.83917
      1.00499        -8.84897
      1.00599        -8.85877
      1.00699        -8.86857
      1.00799        -8.87837
      1.00899        -8.88817
      1.00999        -8.89797
      1.01099        -8.90777
      1.01199        -8.91757
      1.01299        -8.92737
      1.01399        -8.93717
      1.01499        -8.94697
      1.01599        -8.95677
      1.01699        -8.96657
      1.01799        -8.97637
      1.01899        -8.98617
      1.01999        -8.99597
      1.02099        -9.00577
      1.02199        -9.01557
      1.02299        -9.02537
      1.02399        -9.03517
      1.02499        -9.04497
      1.02599        -9.05477
      1.02699        -9.06457
      1.02799        -9.07437
      1.02899        -9.08417
      1.02999        -9.09397
      1.03099        -9.10377
      1.03199        -9.11357
      1.03299        -9.12337
      1.03399        -9.13317
      1.03499        -9.14297
      1.03599        -9.15277
      1.03699        -9.16257
      1.03799        -9.17237
      1.03899        -9.18217
      1.03999        -9.19197
      1.04099        -9.20177
      1.04199        -9.21157
      1.04299        -9.22137
      1.04399        -9.23117
      1.04499        -9.24097
      1.04599        -9.25077
      1.04699        -9.26057
      1.04799        -9.27037
      1.04899        -9.28017
      1.04999        -9.28997
      1.05099        -9.29977
      1.05199        -9.30957
      1.05299        -9.31937
      1.05399        -9.32917
      1.05499        -9.33897
      1.05599        -9.34877
      1.05699        -9.35857
      1.05799        -9.36837
      1.05899        -9.37817
      1.05999        -9.38797
      1.06099        -9.39777
      1.06199        -9.40757
      1.06299        -9.41737
      1.06399        -9.42717
      1.06499        -9.43696
      1.06599        -9.44676
      1.06699        -9.45656
      1.06799        -9.46636
      1.06899        -9.47616
      1.06999        -9.48596
      1.07099        -9.49576
      1.07199        -9.50556
      1.07299        -9.51536
      1.07399        -9.52516
      1.07499        -9.53496
      1.07599        -9.54476
      1.07699        -9.55456
      1.07799        -9.56436
      1.07899        -9.57416
      1.07999        -9.58396
      1.08099        -9.59376
      1.08199        -9.60356
      1.08299        -9.61336
      1.08399        -9.62316
      1.08499        -9.63296
      1.08599        -9.64276
      1.08699        -9.65256
      1.08799        -9.66236
      1.08899        -9.67216
      1.08999        -9.68196
      1.09099        -9.69176
      1.09200        -9.70156
      1.09300        -9.71136
      1.09400        -9.72116
      1.09500        -9.73096
      1.09600        -9.74076
      1.09700        -9.75056
      1.09800        -9.76036
      1.09900        -9.77016
      1.10000        -9.77996
      1.10100        -9.78976
      1.10200        -9.79956
      1.10300        -9.80936
      1.10400        -9.81916
      1.10500        -9.82896
      1.10600        -9.83876
      1.10700        -9.84856
      1.10800        -9.85836
      1.10900        -9.86816
      1.11000        -9.87796
      1.11100        -9.88776
      1.11200        -9.89756
      1.11300        -9.90736
      1.11400        -9.91716
      1.11500        -9.92696
      1.11600        -9.93676
      1.11700        -9.94656
      1.11800        -9.95636
      1.11900        -9.96616
      1.12000        -9.97596
      1.12100        -9.98576
      1.12200        -9.99556
      1.12300        -10.0054
      1.12400        -10.0152
      1.12500        -10.0250
      1.12600        -10.0348
      1.12700        -10.0446
      1.12800        -10.0544
      1.12900        -10.0642
      1.13000        -10.0740
      1.13100        -10.0838
      1.13200        -10.0936
      1.13300        -10.1034
      1.13400        -10.1132
      1.13500        -10.1230
      1.13600        -10.1328
      1.13700        -10.1426
      1.13800        -10.1524
      1.13900        -10.1622
      1.14000        -10.1720
      1.14100        -10.1818
      1.14200        -10.1916
      1.14300        -10.2014
      1.14400        -10.2112
      1.14500        -10.2210
      1.14600        -10.2308
      1.14700        -10.2406
      1.14800        -10.2504
      1.14900        -10.2602
      1.15000        -10.2700
      1.15100        -10.2798
      1.15200        -10.2896
      1.15300        -10.2994
      1.15400        -10.3092
      1.15500        -10.3190
      1.15600        -10.3288
      1.15700        -10.3386
      1.15800        -10.3484
      1.15900        -10.3582
      1.16000        -10.3680
      1.16100        -10.3778
      1.16200        -10.3876
      1.16300        -10.3974
      1.16400        -10.4072
      1.16500        -10.4170
      1.16600        -10.4268
      1.16700        -10.4366
      1.16800        -10.4464
      1.16900        -10.4562
      1.17000        -10.4660
      1.17100        -10.4758
      1.17200        -10.4856
      1.17300        -10.4954
      1.17400        -10.5052
      1.17500        -10.5150
      1.17600        -10.5248
      1.17700        -10.5346
      1.17800        -10.5444
      1.17900        -10.5542
      1.18000        -10.5640
      1.18100        -10.5738
      1.18200        -10.5836
      1.18300        -10.5934
      1.18400        -10.6032
      1.18500        -10.6130
      1.18600        -10.6228
      1.18700        -10.6326
      1.18800        -10.6424
      1.18900        -10.6522
      1.19000        -10.6620
      1.19100        -10.6718
      1.19200        -10.6816
      1.19300        -10.6914
      1.19400        -10.7012
      1.19500        -10.7110
      1.19600        -10.7208
      1.19700        -10.7306
      1.19800        -10.7404
      1.19900        -10.7502
      1.20000        -10.7600
      1.20100        -10.7698
      1.20200        -10.7796
      1.20300        -10.7894
      1.20400        -10.7992
      1.20500        -10.8090
      1.20600        -10.8188
      1.20700        -10.8286
      1.20800        -10.8384
      1.20900        -10.8482
      1.21000        -10.8580
      1.21100        -10.8678
      1.21200        -10.8776
      1.21300        -10.8874
      1.21400        -10.8972
      1.21500        -10.9070
      1.21600        -10.9168
      1.21700        -10.9266
      1.21800        -10.9364
      1.21900        -10.9462
      1.22000        -10.9560
      1.22100        -10.9658
      1.22200        -10.9756
      1.22300        -10.9854
      1.22400        -10.9952
      1.22500        -11.0050
      1.22600        -11.0148
      1.22700        -11.0246
      1.22800        -11.0344
      1.22900        -11.0442
      1.23000        -11.0540
      1.23100        -11.0638
      1.23200        -11.0736
      1.23300        -11.0834
      1.23400        -11.0932
      1.23500        -11.1030
      1.23600        -11.1128
      1.23700        -11.1226
      1.23800        -11.1324
      1.23900        -11.1422
      1.24000        -11.1520
      1.24100        -11.1618
      1.24200        -11.1716
      1.24300        -11.1814
      1.24400        -11.1912
      1.24500        -11.2010
      1.24600        -11.2108
      1.24700        -11.2206
      1.24800        -11.2304
      1.24900        -11.2402
      1.25000        -11.2500
      1.25100        -11.2598
      1.25200        -11.2696
      1.25300        -11.2794
      1.25400        -11.2892
      1.25500        -11.2990
      1.25600        -11.3088
      1.25700        -11.3186
      1.25800        -11.3284
      1.25900        -11.3382
      1.26000        -11.3480
      1.26100        -11.3578
      1.26200        -11.3676
      1.26300        -11.3774
      1.26400        -11.3872
      1.26500        -11.3970
      1.26600        -11.4068
      1.26700        -11.4166
      1.26800        -11.4264
      1.26900        -11.4362
      1.27000        -11.4460
      1.27100        -11.4558
      1.27200        -11.4656
      1.27300        -11.4754
      1.27400        -11.4852
      1.27500        -11.4950
      1.27600        -11.5048
      1.27700        -11.5146
      1.27800        -11.5244
      1.27900        -11.5342
      1.28000        -11.5440
      1.28100        -11.5538
      1.28200        -11.5636
      1.28300        -11.5734
      1.28400        -11.5832
      1.28500        -11.5930
      1.28600        -11.6028
      1.28700        -11.6126
      1.28800        -11.6224
      1.28900        -11.6322
      1.29000        -11.6420
      1.29100        -11.6518
      1.29200        -11.6616
      1.29300        -11.6714
      1.29400        -11.6812
      1.29500        -11.6910
      1.29600        -11.7008
      1.29700        -11.7106
      1.29800        -11.7204
      1.29900        -11.7302
      1.30000        -11.7400
      1.30100        -11.7498
      1.30200        -11.7596
      1.30300        -11.7694
      1.30400        -11.7792
      1.30500        -11.7890
      1.30601        -11.7988
      1.30701        -11.8086
      1.30801        -11.8184
      1.30901        -11.8282
      1.31001        -11.8380
      1.31101        -11.8478
      1.31201        -11.8576
      1.31301        -11.8674
      1.31401        -11.8772
      1.31501        -11.8870
      1.31601        -11.8968
      1.31701        -11.9066
      1.31801        -11.9164
      1.31901        -11.9262
      1.32001        -11.9360
      1.32101        -11.9458
      1.32201        -11.9556
      1.32301        -11.9654
      1.32401        -11.9752
      1.32501        -11.9850
      1.32601        -11.9948
      1.32701        -12.0046
      1.32801        -12.0144
      1.32901        -12.0242
      1.33001        -12.0340
      1.33101        -12.0438
      1.33201        -12.0536
      1.33301        -12.0634
      1.33401        -12.0732
      1.33501        -12.0830
      1.33601        -12.0928
      1.33701        -12.1026
      1.33801        -12.1124
      1.33901        -12.1222
      1.34001        -12.1320
      1.34101        -12.1418
      1.34201        -12.1516
      1.34301        -12.1614
      1.34401        -12.1712
      1.34501        -12.1810
      1.34601        -12.1908
      1.34701        -12.2006
      1.34801        -12.2104
      1.34901        -12.2202
      1.35001        -12.2300
      1.35101        -12.2398
      1.35201        -12.2496
      1.35301        -12.2594
      1.35401        -12.2692
      1.35501        -12.2790
      1.35601        -12.2888
      1.35701        -12.2986
      1.35801        -12.3084
      1.35901        -12.3182
      1.36001        -12.3280
      1.36101        -12.3378
      1.36201        -12.3476
      1.36301        -12.3574
      1.36401        -12.3672
      1.36501        -12.3770
      1.36601        -12.3868
      1.36701        -12.3966
      1.36801        -12.4064
      1.36901        -12.4162
      1.37001        -12.4260
      1.37101        -12.4358
      1.37201        -12.4456
      1.37301        -12.4554
      1.37401        -12.4652
      1.37501        -12.4750
      1.37601        -12.4848
      1.37701        -12.4946
      1.37801        -12.5044
      1.37901        -12.5142
      1.38001        -12.5240
      1.38101        -12.5338
      1.38201        -12.5436
      1.38301        -12.5534
      1.38401        -12.5632
      1.38501        -12.5730
      1.38601        -12.5828
      1.38701        -12.5926
      1.38801        -12.6024
      1.38901        -12.6122
      1.39001        -12.6220
      1.39101        -12.6318
      1.39201        -12.6416
      1.39301        -12.6514
      1.39401        -12.6612
      1.39501        -12.6710
      1.39601        -12.6808
      1.39701        -12.6906
      1.39801        -12.7004
      1.39901        -12.7102
      1.40001        -12.7200
      1.40101        -12.7298
      1.40201        -12.7396
      1.40301        -12.7494
      1.40401        -12.7592
      1.40501        -12.7690
      1.40601        -12.7788
      1.40701        -12.7886
      1.40801        -12.7984
      1.40901        -12.8082
      1.41001        -12.8180
      1.41101        -12.8278
      1.41201        -12.8376
      1.41301        -12.8474
      1.41401        -12.8572
      1.41501        -12.8670
      1.41601        -12.8767
      1.41701        -12.8865
      1.41801        -12.8963
      1.41901        -12.9061
      1.42001        -12.9159
      1.42101        -12.9257
      1.42201        -12.9355
      1.42301        -12.9453
      1.42401        -12.9551
      1.42501        -12.9649
      1.42601        -12.9747
      1.42701        -12.9845
      1.42801        -12.9943
      1.42901        -13.0041
      1.43001        -13.0139
      1.43101        -13.0237
      1.43201        -13.0335
      1.43301        -13.0433
      1.43401        -13.0531
      1.43501        -13.0629
      1.43601        -13.0727
      1.43701        -13.0825
      1.43801        -13.0923
      1.43901        -13.1021
      1.44001        -13.1119
      1.44101        -13.1217
      1.44201        -13.1315
      1.44301        -13.1413
      1.44401        -13.1511
      1.44501        -13.1609
      1.44601        -13.1707
      1.44701        -13.1805
      1.44801        -13.1903
      1.44901        -13.2001
      1.45001        -13.2099
      1.45101        -13.2197
      1.45201        -13.2295
      1.45301        -13.2393
      1.45401        -13.2491
      1.45501        -13.2589
      1.45601        -13.2687
      1.45701        -13.2785
      1.45801        -13.2883
      1.45901        -13.2981
      1.46001        -13.3079
      1.46101        -13.3177
      1.46201        -13.3275
      1.46301        -13.3373
      1.46401        -13.3471
      1.46501        -13.3569
      1.46601        -13.3667
      1.46701        -13.3765
      1.46801        -13.3863
      1.46901        -13.3961
      1.47001        -13.4059
      1.47101        -13.4157
      1.47201        -13.4255
      1.47301        -13.4353
      1.47401        -13.4451
      1.47501        -13.4549
      1.47601        -13.4647
      1.47701        -13.4745
      1.47801        -13.4843
      1.47901        -13.4941
      1.48001        -13.5039
      1.48101        -13.5137
      1.48201        -13.5235
      1.48301        -13.5333
      1.48401        -13.5431
      1.48501        -13.5529
      1.48601        -13.5627
      1.48701        -13.5725
      1.48801        -13.5823
      1.48901        -13.5921
      1.49001        -13.6019
      1.49101        -13.6117
      1.49201        -13.6215
      1.49301        -13.6313
      1.49401        -13.6411
      1.49501        -13.6509
      1.49601        -13.6607
      1.49701        -13.6705
      1.49801        -13.6803
      1.49901        -13.6901
      1.50001        -13.6999
      1.50101        -13.7097
      1.50201        -13.7195
      1.50301        -13.7293
      1.50401        -13.7391
      1.50501        -13.7489
      1.50601        -13.7587
      1.50701        -13.7685
      1.50801        -13.7783
      1.50901        -13.7881
      1.51001        -13.7979
      1.51101        -13.8077
      1.51201        -13.8175
      1.51301        -13.8273
      1.51401        -13.8371
      1.51501        -13.8469
      1.51601        -13.8567
      1.51701        -13.8665
      1.51801        -13.8763
      1.51901        -13.8861
      1.52002        -13.8959
      1.52102        -13.9057
      1.52202        -13.9155
      1.52302        -13.9253
      1.52402        -13.9351
      1.52502        -13.9449
      1.52602        -13.9547
      1.52702        -13.9645
      1.52802        -13.9743
      1.52902        -13.9841
      1.53002        -13.9939
      1.53102        -14.0037
      1.53202        -14.0135
      1.53302        -14.0233
      1.53402        -14.0331
      1.53502        -14.0429
      1.53602        -14.0527
      1.53702        -14.0625
      1.53802        -14.0723
      1.53902        -14.0821
      1.54002        -14.0919
      1.54102        -14.1017
      1.54202        -14.1115
      1.54302        -14.1213
      1.54402        -14.1311
      1.54502        -14.1409
      1.54602        -14.1507
      1.54702        -14.1605
      1.54802        -14.1703
      1.54902        -14.1801
      1.55002        -14.1899
      1.55102        -14.1997
      1.55202        -14.2095
      1.55302        -14.2193
      1.55402        -14.2291
      1.55502        -14.2389
      1.55602        -14.2487
      1.55702        -14.2585
      1.55802        -14.2683
      1.55902        -14.2781
      1.56002        -14.2879
      1.56102        -14.2977
      1.56202        -14.3075
      1.56302        -14.3173
      1.56402        -14.3271
      1.56502        -14.3369
      1.56602        -14.3467
      1.56702        -14.3565
      1.56802        -14.3663
      1.56902        -14.3761
      1.57002        -14.3859
      1.57102        -14.3957
      1.57202        -14.4055
      1.57302        -14.4153
      1.57402        -14.4251
      1.57502        -14.4349
      1.57602        -14.4447
      1.57702        -14.4545
      1.57802        -14.4643
      1.57902        -14.4741
      1.58002        -14.4839
      1.58102        -14.4937
      1.58202        -14.5035
      1.58302        -14.5133
      1.58402        -14.5231
      1.58502        -14.5329
      1.58602        -14.5427
      1.58702        -14.5525
      1.58802        -14.5623
      1.58902        -14.5721
      1.59002        -14.5819
      1.59102        -14.5917
      1.59202        -14.6015
      1.59302        -14.6113
      1.59402        -14.6211
      1.59502        -14.6309
      1.59602        -14.6407
      1.59702        -14.6505
      1.59802        -14.6603
      1.59902        -14.6701
      1.60002        -14.6799
      1.60102        -14.6897
      1.60202        -14.6995
      1.60302        -14.7093
      1.60402        -14.7191
      1.60502        -14.7289
      1.60602        -14.7387
      1.60702        -14.7485
      1.60802        -14.7583
      1.60902        -14.7681
      1.61002        -14.7779
      1.61102        -14.7877
      1.61202        -14.7975
      1.61302        -14.8073
      1.61402        -14.8171
      1.61502        -14.8269
      1.61602        -14.8367
      1.61702        -14.8465
      1.61802        -14.8563
      1.61902        -14.8661
      1.62002        -14.8759
      1.62102        -14.8857
      1.62202        -14.8955
      1.62302        -14.9053
      1.62402        -14.9151
      1.62502        -14.9249
      1.62602        -14.9347
      1.62702        -14.9445
      1.62802        -14.9543
      1.62902        -14.9641
      1.63002        -14.9739
      1.63102        -14.9837
      1.63202        -14.9935
      1.63302        -15.0033
      1.63402        -15.0131
      1.63502        -15.0229
      1.63602        -15.0327
      1.63702        -15.0425
      1.63802        -15.0523
      1.63902        -15.0621
      1.64002        -15.0719
      1.64102        -15.0817
      1.64202        -15.0915
      1.64302        -15.1013
      1.64402        -15.1111
      1.64502        -15.1209
      1.64602        -15.1307
      1.64702        -15.1405
      1.64802        -15.1503
      1.64902        -15.1601
      1.65002        -15.1699
      1.65102        -15.1797
      1.65202        -15.1895
      1.65302        -15.1993
      1.65402        -15.2091
      1.65502        -15.2189
      1.65602        -15.2287
      1.65702        -15.2385
      1.65802        -15.2483
      1.65902        -15.2581
      1.66002        -15.2679
      1.66102        -15.2777
      1.66202        -15.2875
      1.66302        -15.2973
      1.66402        -15.3071
      1.66502        -15.3169
      1.66602        -15.3267
      1.66702        -15.3365
      1.66802        -15.3463
      1.66902        -15.3561
      1.67002        -15.3659
      1.67102        -15.3757
      1.67202        -15.3855
      1.67302        -15.3953
      1.67402        -15.4051
      1.67502        -15.4149
      1.67602        -15.4247
      1.67702        -15.4345
      1.67802        -15.4443
      1.67902        -15.4541
      1.68002        -15.4639
      1.68102        -15.4737
      1.68202        -15.4835
      1.68302        -15.4933
      1.68402        -15.5031
      1.68502        -15.5129
      1.68602        -15.5227
      1.68702        -15.5325
      1.68802        -15.5423
      1.68902        -15.5521
      1.69002        -15.5619
      1.69102        -15.5717
      1.69202        -15.5815
      1.69302        -15.5913
      1.69402        -15.6011
      1.69502        -15.6109
      1.69602        -15.6207
      1.69702        -15.6305
      1.69802        -15.6403
      1.69902        -15.6501
      1.70002        -15.6599
      1.70102        -15.6697
      1.70202        -15.6795
      1.70302        -15.6893
      1.70402        -15.6991
      1.70502        -15.7089
      1.70602        -15.7187
      1.70702        -15.7285
      1.70802        -15.7383
      1.70902        -15.7481
      1.71002        -15.7579
      1.71102        -15.7677
      1.71202        -15.7775
      1.71302        -15.7873
      1.71402        -15.7971
      1.71502        -15.8069
      1.71602        -15.8167
      1.71702        -15.8265
      1.71802        -15.8363
      1.71902        -15.8461
      1.72002        -15.8559
      1.72102        -15.8657
      1.72202        -15.8755
      1.72302        -15.8853
      1.72402        -15.8951
      1.72502        -15.9049
      1.72602        -15.9147
      1.72702        -15.9245
      1.72802        -15.9343
      1.72902        -15.9441
      1.73002        -15.9539
      1.73102        -15.9637
      1.73202        -15.9735
      1.73302        -15.9833
      1.73403        -15.9931
      1.73503        -16.0029
      1.73603        -16.0127
      1.73703        -16.0225
      1.73803        -16.0323
      1.73903        -16.0421
      1.74003        -16.0519
      1.74103        -16.0617
      1.74203        -16.0715
      1.74303        -16.0813
      1.74403        -16.0911
      1.74503        -16.1009
      1.74603        -16.1107
      1.74703        -16.1205
      1.74803        -16.1303
      1.74903        -16.1401
      1.75003        -16.1499
      1.75103        -16.1597
      1.75203        -16.1695
      1.75303        -16.1793
      1.75403        -16.1891
      1.75503        -16.1989
      1.75603        -16.2087
      1.75703        -16.2185
      1.75803        -16.2283
      1.75903        -16.2381
      1.76003        -16.2479
      1.76103        -16.2577
      1.76203        -16.2675
      1.76303        -16.2773
      1.76403        -16.2871
      1.76503        -16.2969
      1.76603        -16.3067
      1.76703        -16.3165
      1.76803        -16.3263
      1.76903        -16.3361
      1.77003        -16.3459
      1.77103        -16.3557
      1.77203        -16.3655
      1.77303        -16.3753
      1.77403        -16.3851
      1.77503        -16.3949
      1.77603        -16.4047
      1.77703        -16.4145
      1.77803        -16.4243
      1.77903        -16.4341
      1.78003        -16.4439
      1.78103        -16.4537
      1.78203        -16.4635
      1.78303        -16.4733
      1.78403        -16.4831
      1.78503        -16.4929
      1.78603        -16.5027
      1.78703        -16.5125
      1.78803        -16.5223
      1.78903        -16.5321
      1.79003        -16.5419
      1.79103        -16.5517
      1.79203        -16.5615
      1.79303        -16.5713
      1.79403        -16.5811
      1.79503        -16.5909
      1.79603        -16.6007
      1.79703        -16.6105
      1.79803        -16.6203
      1.79903        -16.6301
      1.80003        -16.6399
      1.80103        -16.6497
      1.80203        -16.6595
      1.80303        -16.6693
      1.80403        -16.6791
      1.80503        -16.6889
      1.80603        -16.6987
      1.80703        -16.7085
      1.80803        -16.7183
      1.80903        -16.7281
      1.81003        -16.7379
      1.81103        -16.7477
      1.81203        -16.7575
      1.81303        -16.7673
      1.81403        -16.7771
      1.81503        -16.7869
      1.81603        -16.7967
      1.81703        -16.8065
      1.81803        -16.8163
      1.81903        -16.8261
      1.82003        -16.8359
      1.82103        -16.8457
      1.82203        -16.8555
      1.82303        -16.8653
      1.82403        -16.8751
      1.82503        -16.8849
      1.82603        -16.8947
      1.82703        -16.9045
      1.82803        -16.9143
      1.82903        -16.9241
      1.83003        -16.9339
      1.83103        -16.9437
      1.83203        -16.9535
      1.83303        -16.9633
      1.83403        -16.9731
      1.83503        -16.9829
      1.83603        -16.9927
      1.83703        -17.0025
      1.83803        -17.0123
      1.83903        -17.0221
      1.84003        -17.0319
      1.84103        -17.0417
      1.84203        -17.0515
      1.84303        -17.0613
      1.84403        -17.0711
      1.84503        -17.0809
      1.84603        -17.0907
      1.84703        -17.1005
      1.84803        -17.1103
      1.84903        -17.1201
      1.85003        -17.1299
      1.85103        -17.1397
      1.85203        -17.1495
      1.85303        -17.1593
      1.85403        -17.1691
      1.85503        -17.1789
      1.85603        -17.1887
      1.85703        -17.1985
      1.85803        -17.2083
      1.85903        -17.2181
      1.86003        -17.2279
      1.86103        -17.2377
      1.86203        -17.2475
      1.86303        -17.2573
      1.86403        -17.2671
      1.86503        -17.2769
      1.86603        -17.2867
      1.86703        -17.2965
      1.86803        -17.3063
      1.86903        -17.3161
      1.87003        -17.3259
      1.87103        -17.3357
      1.87203        -17.3455
      1.87303        -17.3553
      1.87403        -17.3651
      1.87503        -17.3749
      1.87603        -17.3847
      1.87703        -17.3945
      1.87803        -17.4043
      1.87903        -17.4141
      1.88003        -17.4239
      1.88103        -17.4337
      1.88203        -17.4435
      1.88303        -17.4533
      1.88403        -17.4631
      1.88503        -17.4729
      1.88603        -17.4827
      1.88703        -17.4925
      1.88803        -17.5023
      1.88903        -17.5121
      1.89003        -17.5219
      1.89103        -17.5317
      1.89203        -17.5415
      1.89303        -17.5513
      1.89403        -17.5611
      1.89503        -17.5709
      1.89603        -17.5807
      1.89703        -17.5905
      1.89803        -17.6003
      1.89903        -17.6101
      1.90003        -17.6199
      1.90103        -17.6297
      1.90203        -17.6395
      1.90303        -17.6493
      1.90403        -17.6591
      1.90503        -17.6689
      1.90603        -17.6787
      1.90703        -17.6885
      1.90803        -17.6983
      1.90903        -17.7081
      1.91003        -17.7179
      1.91103        -17.7277
      1.91203        -17.7375
      1.91303        -17.7473
      1.91403        -17.7571
      1.91503        -17.7669
      1.91603        -17.7767
      1.91703        -17.7865
      1.91803        -17.7963
      1.91903        -17.8061
      1.92003        -17.8159
      1.92103        -17.8257
      1.92203        -17.8355
      1.92303        -17.8453
      1.92403        -17.8551
      1.92503        -17.8649
      1.92603        -17.8747
      1.92703        -17.8845
      1.92803        -17.8943
      1.92903        -17.9041
      1.93003        -17.9139
      1.93103        -17.9237
      1.93203        -17.9335
      1.93303        -17.9433
      1.93403        -17.9531
      1.93503        -17.9629
      1.93603        -17.9727
      1.93703        -17.9825
      1.93803        -17.9923
      1.93903        -18.0021
      1.94003        -18.0119
      1.94103        -18.0217
      1.94203        -18.0315
      1.94303        -18.0413
      1.94403        -18.0511
      1.94503        -18.0609
      1.94603        -18.0707
      1.94703        -18.0805
      1.94804        -18.0903
      1.94904        -18.1001
      1.95004        -18.1099
      1.95104        -18.1197
      1.95204        -18.1295
      1.95304        -18.1393
      1.95404        -18.1491
      1.95504        -18.1589
      1.95604        -18.1687
      1.95704        -18.1785
      1.95804        -18.1883
      1.95904        -18.1981
      1.96004        -18.2079
      1.96104        -18.2177
      1.96204        -18.2275
      1.96304        -18.2373
      1.96404        -18.2471
      1.96504        -18.2569
      1.96604        -18.2667
      1.96704        -18.2765
      1.96804        -18.2863
      1.96904        -18.2961
      1.97004        -18.3059
      1.97104        -18.3157
      1.97204        -18.3255
      1.97304        -18.3353
      1.97404        -18.3451
      1.97504        -18.3549
      1.97604        -18.3647
      1.97704        -18.3745
      1.97804        -18.3843
      1.97904        -18.3941
      1.98004        -18.4039
      1.98104        -18.4137
      1.98204        -18.4235
      1.98304        -18.4333
      1.98404        -18.4431
      1.98504        -18.4529
      1.98604        -18.4627
      1.98704        -18.4725
      1.98804        -18.4823
      1.98904        -18.4921
      1.99004        -18.5019
      1.99104        -18.5117
      1.99204        -18.5215
      1.99304        -18.5313
      1.99404        -18.5411
      1.99504        -18.5509
      1.99604        -18.5607
      1.99704        -18.5705
      1.99804        -18.5803
      1.99904        -18.5901
