     5.000000E-02     2.09938
     0.100000         2.19510
     0.150000         2.28363
     0.200000         2.36160
     0.250000         2.42578
     0.300000         2.47310
     0.350000         2.50063
     0.400000         2.50560
     0.450000         2.48538
     0.500000         2.43750
     0.550000         2.35963
     0.600000         2.24960
     0.650000         2.10538
     0.700000         1.92510
     0.750000         1.70703
     0.800000         1.44960
     0.850000         1.15138
     0.900000        0.811099
     0.950000        0.427630
      1.00000       -1.192093E-06
      1.05000       -0.472620
      1.10000       -0.990901
      1.15000        -1.55537
      1.20000        -2.16640
      1.25000        -2.82422
      1.30000        -3.52890
      1.35000        -4.28037
      1.40000        -5.07840
      1.45000        -5.92261
      1.50000        -6.81249
      1.55000        -7.74736
      1.60000        -8.72639
      1.65000        -9.74861
      1.70000        -10.8129
      1.75000        -11.9180
      1.80000        -13.0624
      1.85000        -14.2446
      1.90000        -15.4629
      1.95000        -16.7153
      2.00000        -18.0000
      2.05000        -19.3146
      2.10000        -20.6569
      2.15000        -22.0243
      2.20000        -23.4144
      2.25000        -24.8242
      2.30000        -26.2509
      2.35000        -27.6913
      2.40000        -29.1424
      2.45000        -30.6006
      2.50000        -32.0625
      2.55000        -33.5243
      2.60000        -34.9824
      2.65000        -36.4326
      2.70000        -37.8709
      2.75000        -39.2929
      2.80000        -40.6944
      2.85000        -42.0706
      2.90000        -43.4169
      2.95000        -44.7283
      3.00000        -46.0000
      3.05000        -47.2266
      3.10000        -48.4029
      3.15000        -49.5233
      3.20000        -50.5824
      3.25000        -51.5742
      3.30000        -52.4929
      3.35000        -53.3323
      3.40000        -54.0863
      3.45000        -54.7486
      3.50000        -55.3125
      3.55000        -55.7714
      3.60000        -56.1184
      3.65000        -56.3466
      3.70000        -56.4489
      3.75000        -56.4180
      3.80000        -56.2464
      3.85000        -55.9266
      3.90000        -55.4509
      3.95000        -54.8114
      4.00000        -54.0000
      4.05000        -53.0087
      4.10000        -51.8289
      4.15000        -50.4525
      4.20000        -48.8705
      4.25000        -47.0743
      4.30000        -45.0550
      4.35000        -42.8035
      4.40000        -40.3105
      4.45000        -37.5667
      4.50000        -34.5625
      4.55000        -31.2884
      4.60000        -27.7344
      4.65000        -23.8907
      4.70000        -19.7469
      4.75000        -15.2930
      4.80000        -10.5185
      4.85000        -5.41254
      4.90000        3.521729E-02
      4.95000         5.83575
      5.00000         12.0001
