     4.000000E-02    3.999466E-02    0.999200
     8.000000E-02    7.992534E-02    0.996801
     0.120000        0.119728        0.992808
     0.160000        0.159339        0.987226
     0.200000        0.198696        0.980064
     0.240000        0.237734        0.971335
     0.280000        0.276392        0.961051
     0.320000        0.314608        0.949230
     0.360000        0.352320        0.935889
     0.400000        0.389469        0.921052
     0.440000        0.425995        0.904740
     0.480000        0.461839        0.886981
     0.520000        0.496944        0.867803
     0.560000        0.531254        0.847237
     0.600000        0.564714        0.825315
     0.640000        0.597270        0.802072
     0.680000        0.628871        0.777546
     0.720000        0.659465        0.751776
     0.760000        0.689005        0.724803
     0.800000        0.717442        0.696670
     0.840000        0.744731        0.667423
     0.880000        0.770829        0.637108
     0.920000        0.795693        0.605773
     0.960000        0.819284        0.573470
      1.00000        0.841564        0.540248
      1.04000        0.862498        0.506162
      1.08000        0.882052        0.471267
      1.12000        0.900194        0.435617
      1.16000        0.916897        0.399271
      1.20000        0.932132        0.362285
      1.24000        0.945876        0.324720
      1.28000        0.958106        0.286635
      1.32000        0.968803        0.248092
      1.36000        0.977951        0.209152
      1.40000        0.985533        0.169877
      1.44000        0.991539        0.130330
      1.48000        0.995958        9.057494E-02
      1.52000        0.998784        5.067478E-02
      1.56000         1.00001        1.069354E-02
      1.60000        0.999639       -2.930481E-02
      1.64000        0.997668       -6.925629E-02
      1.68000        0.994100       -0.109097
      1.72000        0.988941       -0.148763
      1.76000        0.982200       -0.188191
      1.80000        0.973888       -0.227318
      1.84000        0.964017       -0.266081
      1.88000        0.952604       -0.304419
      1.92000        0.939667       -0.342270
      1.96000        0.925226       -0.379572
      2.00000        0.909305       -0.416268
      2.04000        0.891929       -0.452298
      2.08000        0.873126       -0.487603
      2.12000        0.852926       -0.522129
      2.16000        0.831361       -0.555819
      2.20000        0.808466       -0.588620
      2.24000        0.784278       -0.620480
      2.28000        0.758835       -0.651346
      2.32000        0.732177       -0.681170
      2.36000        0.704348       -0.709905
      2.40000        0.675392       -0.737503
      2.44000        0.645356       -0.763922
      2.48000        0.614287       -0.789118
      2.52000        0.582235       -0.813052
      2.56000        0.549251       -0.835685
      2.60000        0.515389       -0.856980
      2.64000        0.480702       -0.876905
      2.68000        0.445246       -0.895427
      2.72000        0.409077       -0.912515
      2.76000        0.372254       -0.928144
      2.80000        0.334836       -0.942288
      2.84000        0.296882       -0.954924
      2.88000        0.258452       -0.966032
      2.92000        0.219609       -0.975595
      2.96000        0.180415       -0.983597
      3.00000        0.140932       -0.990024
      3.04000        0.101224       -0.994868
      3.08000        6.135318E-02   -0.998120
      3.12000        2.138461E-02   -0.999776
      3.16000       -1.861819E-02   -0.999831
      3.20000       -5.859120E-02   -0.998287
      3.24000       -9.847046E-02   -0.995145
      3.28000       -0.138192       -0.990411
      3.32000       -0.177693       -0.984093
      3.36000       -0.216909       -0.976200
      3.40000       -0.255778       -0.966745
      3.44000       -0.294238       -0.955743
      3.48000       -0.332228       -0.943212
      3.52000       -0.369685       -0.929172
      3.56000       -0.406552       -0.913646
      3.60000       -0.442767       -0.896657
      3.64000       -0.478275       -0.878234
      3.68000       -0.513017       -0.858406
      3.72000       -0.546938       -0.837204
      3.76000       -0.579984       -0.814662
      3.80000       -0.612102       -0.790818
      3.84000       -0.643241       -0.765707
      3.88000       -0.673351       -0.739372
      3.92000       -0.702383       -0.711854
      3.96000       -0.730291       -0.683197
      4.00000       -0.757031       -0.653446
