     2.500000E-02     0.00000
     5.000000E-02    6.250000E-04
     7.500000E-02    2.500000E-03
     0.100000        5.625000E-03
     0.125000        1.000000E-02
     0.150000        1.562500E-02
     0.175000        2.250000E-02
     0.200000        3.062500E-02
     0.225000        4.000001E-02
     0.250000        5.062501E-02
     0.275000        6.250001E-02
     0.300000        7.562502E-02
     0.325000        9.000003E-02
     0.350000        0.105625
     0.375000        0.122500
     0.400000        0.140625
     0.425000        0.160000
     0.450000        0.180625
     0.475000        0.202500
     0.500000        0.225625
     0.525000        0.250000
     0.550000        0.275625
     0.575000        0.302500
     0.600000        0.330625
     0.625000        0.360000
     0.650000        0.390625
     0.675000        0.422500
     0.700000        0.455625
     0.725000        0.490000
     0.750000        0.525625
     0.775000        0.562500
     0.800000        0.600625
     0.825000        0.640000
     0.850000        0.680625
     0.875000        0.722500
     0.900000        0.765624
     0.925000        0.809999
     0.950000        0.855624
     0.975000        0.902499
      1.00000        0.950624
      1.02500        0.999999
      1.05000         1.05062
      1.07500         1.10250
      1.10000         1.15562
      1.12500         1.21000
      1.15000         1.26562
      1.17500         1.32250
      1.20000         1.38062
      1.22500         1.44000
      1.25000         1.50062
      1.27500         1.56250
      1.30000         1.62562
      1.32500         1.69000
      1.35000         1.75562
      1.37500         1.82250
      1.40000         1.89062
      1.42500         1.96000
      1.45000         2.03062
      1.47500         2.10250
      1.50000         2.17562
      1.52500         2.25000
      1.55000         2.32562
      1.57500         2.40250
      1.60000         2.48062
      1.62500         2.56000
      1.65000         2.64062
      1.67500         2.72250
      1.70000         2.80562
      1.72500         2.89000
      1.75000         2.97562
      1.77500         3.06250
      1.80000         3.15062
      1.82500         3.24000
      1.85000         3.33062
      1.87500         3.42250
      1.90000         3.51562
      1.92500         3.61000
      1.95000         3.70562
      1.97500         3.80250
      2.00000         3.90062
      2.02500         3.99999
      2.05000         4.10062
      2.07500         4.20250
      2.10000         4.30562
      2.12500         4.41000
      2.15000         4.51562
      2.17500         4.62250
      2.20000         4.73062
      2.22500         4.84000
      2.25000         4.95062
      2.27500         5.06250
      2.30000         5.17562
      2.32500         5.29000
      2.35000         5.40562
      2.37500         5.52250
      2.40000         5.64063
      2.42500         5.76000
      2.45000         5.88063
      2.47500         6.00250
      2.50000         6.12563
      2.52500         6.25000
      2.55000         6.37563
      2.57500         6.50250
      2.60000         6.63063
      2.62500         6.76000
      2.65000         6.89063
      2.67500         7.02251
      2.70000         7.15563
      2.72500         7.29001
      2.75000         7.42563
      2.77500         7.56251
      2.80000         7.70063
      2.82500         7.84001
      2.85000         7.98063
      2.87500         8.12251
      2.90000         8.26564
      2.92500         8.41001
      2.95000         8.55564
      2.97500         8.70251
      3.00000         8.85064
      3.02500         9.00001
      3.05000         9.15064
      3.07500         9.30252
      3.10000         9.45564
      3.12500         9.61002
      3.15000         9.76564
      3.17500         9.92252
      3.20000         10.0806
      3.22500         10.2400
      3.25000         10.4006
      3.27500         10.5625
      3.30000         10.7256
      3.32500         10.8900
      3.35000         11.0556
      3.37500         11.2225
      3.40000         11.3907
      3.42500         11.5600
      3.45000         11.7307
      3.47500         11.9025
      3.50000         12.0757
      3.52500         12.2500
      3.55000         12.4257
      3.57500         12.6025
      3.60000         12.7807
      3.62500         12.9600
      3.65000         13.1407
      3.67500         13.3225
      3.70001         13.5057
      3.72501         13.6900
      3.75001         13.8757
      3.77501         14.0625
      3.80001         14.2507
      3.82501         14.4400
      3.85001         14.6307
      3.87501         14.8225
      3.90001         15.0157
      3.92501         15.2100
      3.95001         15.4057
      3.97501         15.6025
      4.00001         15.8007
      4.02501         16.0000
      4.05001         16.2007
      4.07501         16.4026
      4.10001         16.6057
      4.12501         16.8101
      4.15001         17.0157
      4.17501         17.2226
      4.20001         17.4307
      4.22501         17.6401
      4.25001         17.8507
      4.27501         18.0626
      4.30001         18.2757
      4.32501         18.4901
      4.35001         18.7057
      4.37501         18.9226
      4.40001         19.1407
      4.42501         19.3601
      4.45001         19.5807
      4.47501         19.8026
      4.50001         20.0257
      4.52501         20.2501
      4.55001         20.4757
      4.57501         20.7026
      4.60001         20.9307
      4.62501         21.1601
      4.65001         21.3907
      4.67501         21.6226
      4.70001         21.8557
      4.72501         22.0901
      4.75001         22.3257
      4.77501         22.5626
      4.80001         22.8007
      4.82501         23.0401
      4.85001         23.2807
      4.87501         23.5226
      4.90001         23.7657
      4.92501         24.0101
      4.95001         24.2557
      4.97501         24.5026
      5.00001         24.7507
